/*--------------------------------*- C++ -*----------------------------------*\
  =========                 |
  \\      /  F ield         | OpenFOAM: The Open Source CFD Toolbox
   \\    /   O peration     | Website:  https://openfoam.org
    \\  /    A nd           | Version:  8
     \\/     M anipulation  |
\*---------------------------------------------------------------------------*/
FoamFile
{
    version     2.0;
    format      ascii;
    class       volScalarField;
    location    "60/fluid";
    object      O2;
}
// * * * * * * * * * * * * * * * * * * * * * * * * * * * * * * * * * * * * * //

dimensions      [0 0 0 0 0 0 0];

internalField   nonuniform List<scalar> 
4000
(
5.4118e-09
2.33838e-08
5.2416e-08
9.83067e-08
1.69437e-07
2.77577e-07
4.38688e-07
6.73471e-07
1.00736e-06
1.46955e-06
2.09094e-06
2.90086e-06
3.92322e-06
5.1728e-06
6.65258e-06
8.35278e-06
1.02518e-05
1.23185e-05
1.45158e-05
1.68038e-05
1.91427e-05
2.14956e-05
2.38292e-05
2.61139e-05
2.83254e-05
3.04481e-05
3.24602e-05
3.43561e-05
3.61263e-05
3.77715e-05
3.9291e-05
4.06873e-05
4.19653e-05
4.31384e-05
4.4229e-05
4.52654e-05
4.63004e-05
4.74046e-05
4.86793e-05
5.02578e-05
5.23084e-05
5.50406e-05
5.87082e-05
6.36112e-05
7.01005e-05
7.85834e-05
8.95333e-05
0.000103504
0.000121147
0.00014324
0.000170715
0.000204695
0.000246545
0.000297925
0.000360861
0.000437822
0.000531825
0.000646563
0.000786554
0.000957339
0.00116572
0.00142005
0.00173063
0.00211014
0.00257427
0.00314247
0.0038389
0.00469369
0.00574464
0.00703078
0.00861606
0.0105751
0.0130099
0.0250406
0.0389647
0.053185
0.067572
0.082009
0.0963897
0.110615
0.12459
0.13822
0.151406
0.164042
0.175966
0.187116
0.197264
0.206214
0.213751
0.219693
0.223985
0.226777
0.2284
0.229242
0.229653
0.229846
0.229934
0.229973
0.229991
0.229998
5.14263e-09
2.22144e-08
4.97493e-08
9.31829e-08
1.60364e-07
2.62332e-07
4.14108e-07
6.35318e-07
9.50354e-07
1.38773e-06
1.97836e-06
2.75265e-06
3.73676e-06
4.9487e-06
6.39507e-06
8.06948e-06
9.95283e-06
1.20154e-05
1.42201e-05
1.65261e-05
1.88909e-05
2.1278e-05
2.36522e-05
2.59838e-05
2.82434e-05
3.04009e-05
3.24519e-05
3.43805e-05
3.61848e-05
3.78609e-05
3.94077e-05
4.08247e-05
4.21146e-05
4.32962e-05
4.43907e-05
4.54273e-05
4.64596e-05
4.75576e-05
4.88252e-05
5.03964e-05
5.24401e-05
5.51664e-05
5.88291e-05
6.37277e-05
7.02119e-05
7.86883e-05
8.96294e-05
0.000103589
0.000121222
0.000143309
0.000170789
0.000204799
0.000246719
0.000298235
0.000361405
0.000438749
0.000533356
0.000649017
0.000790392
0.000963217
0.00117456
0.00143317
0.00174987
0.0021381
0.00261457
0.00320017
0.00392098
0.00480972
0.00590733
0.00725151
0.00892534
0.0109883
0.0135287
0.0271586
0.0412647
0.0556752
0.0702426
0.0848449
0.0993745
0.113732
0.127821
0.141541
0.154787
0.167439
0.179355
0.190385
0.200317
0.208934
0.216013
0.221406
0.225135
0.227449
0.228741
0.229402
0.229724
0.229876
0.229946
0.229978
0.229992
0.229999
4.90489e-09
2.11788e-08
4.74082e-08
8.87657e-08
1.52736e-07
2.49874e-07
3.94588e-07
6.05787e-07
9.07114e-07
1.32644e-06
1.89433e-06
2.64141e-06
3.59481e-06
4.77429e-06
6.18899e-06
7.8354e-06
9.69728e-06
1.17473e-05
1.39499e-05
1.62674e-05
1.86605e-05
2.1089e-05
2.35102e-05
2.58779e-05
2.81704e-05
3.03777e-05
3.24731e-05
3.44506e-05
3.63016e-05
3.80206e-05
3.96008e-05
4.10396e-05
4.2355e-05
4.35558e-05
4.46531e-05
4.56947e-05
4.67222e-05
4.78177e-05
4.90799e-05
5.06439e-05
5.26816e-05
5.54048e-05
5.90682e-05
6.39714e-05
7.04639e-05
7.89521e-05
8.99098e-05
0.000103894
0.000121565
0.000143714
0.000171296
0.000205472
0.000247656
0.000299583
0.000363379
0.000441658
0.000537638
0.00065529
0.000799517
0.000976388
0.00119344
0.00146003
0.00178788
0.00219163
0.00268976
0.00330566
0.00406916
0.00501868
0.00620028
0.00766931
0.00951724
0.0119069
0.0159041
0.0302525
0.0448741
0.0596311
0.0744377
0.0892031
0.103835
0.11824
0.13232
0.145971
0.159079
0.17149
0.183109
0.193729
0.203155
0.211189
0.217657
0.222482
0.225763
0.227782
0.228906
0.22948
0.22976
0.229893
0.229954
0.229981
0.229993
0.229999
4.6668e-09
2.01497e-08
4.51008e-08
8.44414e-08
1.45303e-07
2.37766e-07
3.75643e-07
5.77158e-07
8.65271e-07
1.26733e-06
1.81376e-06
2.53562e-06
3.46118e-06
4.61203e-06
5.99961e-06
7.62285e-06
9.46767e-06
1.15086e-05
1.37165e-05
1.6058e-05
1.84842e-05
2.0934e-05
2.33724e-05
2.57797e-05
2.81286e-05
3.03861e-05
3.25379e-05
3.45719e-05
3.64776e-05
3.82419e-05
3.9858e-05
4.13413e-05
4.26918e-05
4.39065e-05
4.50261e-05
4.60788e-05
4.71088e-05
4.82016e-05
4.94616e-05
5.10252e-05
5.30672e-05
5.58022e-05
5.94869e-05
6.44227e-05
7.09607e-05
7.95094e-05
9.05468e-05
0.000104637
0.000122452
0.0001448
0.000172663
0.000207239
0.000249995
0.000302737
0.000367692
0.00044761
0.000545894
0.000666764
0.000815457
0.000998494
0.00122401
0.00150216
0.0018457
0.00227065
0.00279725
0.00345111
0.0042649
0.00528043
0.00654027
0.00810989
0.0100864
0.0126205
0.0206302
0.035106
0.0498277
0.0646797
0.0795525
0.0943424
0.108949
0.123275
0.137218
0.150671
0.163517
0.175588
0.186816
0.196979
0.205896
0.213384
0.219299
0.223609
0.226463
0.228175
0.229105
0.229575
0.229804
0.229912
0.229962
0.229984
0.229995
0.229999
4.44965e-09
1.92128e-08
4.30078e-08
8.05356e-08
1.38619e-07
2.26921e-07
3.5873e-07
5.51657e-07
8.28043e-07
1.21474e-06
1.742e-06
2.44122e-06
3.34169e-06
4.46672e-06
5.82997e-06
7.43281e-06
9.2648e-06
1.13097e-05
1.35339e-05
1.5887e-05
1.83136e-05
2.0787e-05
2.32707e-05
2.57314e-05
2.81324e-05
3.04489e-05
3.2664e-05
3.47615e-05
3.67228e-05
3.85358e-05
4.02129e-05
4.17466e-05
4.31321e-05
4.43842e-05
4.55293e-05
4.65913e-05
4.76423e-05
4.8751e-05
5.00261e-05
5.16098e-05
5.36821e-05
5.64628e-05
6.02134e-05
6.52395e-05
7.18972e-05
8.06012e-05
9.18381e-05
0.000106185
0.000124333
0.000147117
0.000175558
0.000210905
0.000254699
0.000308843
0.000375694
0.000458181
0.000559942
0.000685513
0.000840555
0.00103215
0.00126918
0.00156281
0.0019271
0.00237981
0.0029434
0.0036463
0.00452447
0.00562298
0.00697658
0.00868778
0.0108077
0.0134247
0.0263788
0.0406763
0.0553357
0.0701584
0.0849929
0.0997134
0.114208
0.128372
0.1421
0.155283
0.167801
0.179521
0.190309
0.199985
0.208375
0.215312
0.220685
0.224515
0.226998
0.228461
0.229247
0.229643
0.229835
0.229926
0.229968
0.229987
0.229995
0.229999
4.24766e-09
1.8341e-08
4.10587e-08
7.68955e-08
1.32385e-07
2.16803e-07
3.4295e-07
5.27883e-07
7.93386e-07
1.16589e-06
1.67554e-06
2.35411e-06
3.23188e-06
4.33379e-06
5.67556e-06
7.26194e-06
9.09344e-06
1.11472e-05
1.33683e-05
1.57179e-05
1.81704e-05
2.06833e-05
2.32162e-05
2.57299e-05
2.81903e-05
3.05738e-05
3.28582e-05
3.50203e-05
3.70409e-05
3.89286e-05
4.06691e-05
4.22554e-05
4.36834e-05
4.49885e-05
4.61782e-05
4.72786e-05
4.83585e-05
4.94989e-05
5.0811e-05
5.2443e-05
5.45816e-05
5.7454e-05
6.13288e-05
6.65196e-05
7.33908e-05
8.23678e-05
9.39513e-05
0.000108738
0.000127445
0.000150946
0.000180312
0.000216859
0.00026222
0.000318421
0.000387981
0.000474043
0.000580532
0.000712363
0.000875699
0.00107829
0.00132992
0.00164295
0.00203311
0.00252047
0.00313084
0.00389765
0.00486462
0.00607908
0.00761046
0.00957309
0.0121791
0.0163074
0.0308601
0.0456346
0.0605351
0.0754555
0.0902899
0.104936
0.119294
0.133266
0.146751
0.159642
0.171806
0.183153
0.19351
0.202717
0.210608
0.217032
0.221913
0.225315
0.227471
0.228717
0.229375
0.229704
0.229863
0.229938
0.229973
0.229989
0.229996
0.229999
4.06134e-09
1.75371e-08
3.92624e-08
7.35439e-08
1.26652e-07
2.07511e-07
3.28481e-07
5.06112e-07
7.61684e-07
1.12124e-06
1.61481e-06
2.2745e-06
3.13155e-06
4.21244e-06
5.53497e-06
7.11387e-06
8.93992e-06
1.09726e-05
1.3196e-05
1.55726e-05
1.8061e-05
2.06184e-05
2.32042e-05
2.5777e-05
2.83055e-05
3.07615e-05
3.31192e-05
3.53494e-05
3.74567e-05
3.94204e-05
4.12331e-05
4.28756e-05
4.43825e-05
4.57482e-05
4.69797e-05
4.81415e-05
4.92771e-05
5.04741e-05
5.18516e-05
5.35661e-05
5.5814e-05
5.88318e-05
6.28985e-05
6.83384e-05
7.55282e-05
8.49081e-05
9.69982e-05
0.00011242
0.000131927
0.000156438
0.000187085
0.000225267
0.000272724
0.000331625
0.000404678
0.00049527
0.00060765
0.000747152
0.00092049
0.00113613
0.00140475
0.00173992
0.00215881
0.00268335
0.00334155
0.00416944
0.00521364
0.00651081
0.00814814
0.0102306
0.012951
0.0214296
0.0359911
0.0508015
0.0657172
0.0806125
0.0953747
0.1099
0.124092
0.137852
0.151082
0.163678
0.17549
0.186465
0.19641
0.20517
0.212587
0.21853
0.222957
0.225978
0.227854
0.228919
0.229475
0.229751
0.229885
0.229948
0.229977
0.229991
0.229997
0.229999
3.88813e-09
1.67896e-08
3.75923e-08
7.04282e-08
1.21324e-07
1.98879e-07
3.15047e-07
4.85913e-07
7.32294e-07
1.07988e-06
1.55862e-06
2.20099e-06
3.03909e-06
4.10077e-06
5.41128e-06
6.98057e-06
8.78626e-06
1.08221e-05
1.30598e-05
1.5462e-05
1.79872e-05
2.0592e-05
2.32322e-05
2.58705e-05
2.84727e-05
3.10089e-05
3.3441e-05
3.57674e-05
3.79623e-05
4.00134e-05
4.18987e-05
4.36409e-05
4.52271e-05
4.66696e-05
4.79786e-05
4.92074e-05
5.04161e-05
5.16947e-05
5.3169e-05
5.5005e-05
5.74096e-05
6.06317e-05
6.49623e-05
7.07398e-05
7.83563e-05
8.82708e-05
0.000101027
0.000117279
0.00013782
0.000163621
0.000195887
0.000236109
0.000286149
0.000348331
0.000425571
0.000521526
0.000640794
0.000789171
0.000973967
0.00120443
0.00149226
0.0018523
0.00230339
0.00286942
0.00358063
0.00447511
0.00559881
0.00698484
0.00873415
0.0108964
0.0135473
0.0265512
0.0410395
0.0558074
0.0706735
0.0854937
0.100147
0.114527
0.128535
0.142075
0.155048
0.167351
0.178855
0.189466
0.199017
0.207355
0.21433
0.219831
0.223851
0.226537
0.228173
0.229086
0.229557
0.229791
0.229903
0.229956
0.229981
0.229992
0.229997
0.23
3.72678e-09
1.60934e-08
3.60372e-08
6.75281e-08
1.16367e-07
1.90855e-07
3.02569e-07
4.67163e-07
7.05029e-07
1.04154e-06
1.50658e-06
2.13303e-06
2.95405e-06
3.99989e-06
5.29869e-06
6.84615e-06
8.64865e-06
1.06909e-05
1.29453e-05
1.53755e-05
1.79397e-05
2.05942e-05
2.32957e-05
2.60046e-05
2.86852e-05
3.13053e-05
3.3835e-05
3.62559e-05
3.85496e-05
4.07022e-05
4.26927e-05
4.45276e-05
4.62044e-05
4.7729e-05
4.91451e-05
5.04743e-05
5.1785e-05
5.31752e-05
5.4781e-05
5.67798e-05
5.93915e-05
6.28786e-05
6.75472e-05
7.37514e-05
8.19019e-05
9.24801e-05
0.000106058
0.000123323
0.000145117
0.000172471
0.000206666
0.000249295
0.000302349
0.000368321
0.000450344
0.000552358
0.000679334
0.000837553
0.00103498
0.00128173
0.00159074
0.00197852
0.0024664
0.00308193
0.00386108
0.00485119
0.00609714
0.00768215
0.00973455
0.0124759
0.0161281
0.0306222
0.0453853
0.0602778
0.0751717
0.0899514
0.104512
0.118755
0.132587
0.145917
0.158647
0.170674
0.181889
0.192161
0.201345
0.20929
0.215855
0.220952
0.224607
0.227002
0.228434
0.229221
0.229623
0.229822
0.229918
0.229963
0.229984
0.229993
0.229998
0.23
3.57586e-09
1.54423e-08
3.45829e-08
6.48169e-08
1.11736e-07
1.8336e-07
2.90917e-07
4.49662e-07
6.7958e-07
1.00574e-06
1.45794e-06
2.06937e-06
2.87398e-06
3.90786e-06
5.18449e-06
6.72328e-06
8.5246e-06
1.05748e-05
1.28479e-05
1.53084e-05
1.79148e-05
2.06234e-05
2.33904e-05
2.6175e-05
2.89403e-05
3.16466e-05
3.42818e-05
3.68102e-05
3.92123e-05
4.14683e-05
4.35867e-05
4.55443e-05
4.73437e-05
4.89908e-05
5.0514e-05
5.19575e-05
5.33926e-05
5.49238e-05
5.6697e-05
5.89022e-05
6.17733e-05
6.55879e-05
7.06687e-05
7.73879e-05
8.61772e-05
9.75426e-05
0.000112087
0.00013054
0.00015379
0.000182936
0.000219339
0.000264699
0.00032114
0.000391326
0.000478602
0.000587182
0.00072238
0.000890913
0.0011013
0.00136436
0.0016939
0.00210759
0.00262817
0.00328505
0.00411649
0.0051726
0.00648777
0.00818555
0.0103507
0.013233
0.0199898
0.0346376
0.0494956
0.0644252
0.0793045
0.094024
0.108484
0.122592
0.136258
0.149391
0.161898
0.173662
0.184601
0.194564
0.20341
0.210993
0.217183
0.221914
0.225246
0.227388
0.228648
0.229331
0.229677
0.229848
0.22993
0.229968
0.229986
0.229994
0.229998
0.23
3.43443e-09
1.48321e-08
3.32204e-08
6.22776e-08
1.07399e-07
1.76345e-07
2.80016e-07
4.3329e-07
6.55772e-07
9.72226e-07
1.41235e-06
2.00954e-06
2.7983e-06
3.8134e-06
5.07916e-06
6.61102e-06
8.41209e-06
1.04711e-05
1.2764e-05
1.52562e-05
1.79072e-05
2.06723e-05
2.35084e-05
2.63743e-05
2.92328e-05
3.20448e-05
3.47859e-05
3.7431e-05
3.99584e-05
4.23473e-05
4.45903e-05
4.66777e-05
4.86075e-05
5.03922e-05
5.20547e-05
5.36428e-05
5.52335e-05
5.69403e-05
5.89206e-05
6.13783e-05
6.45626e-05
6.87677e-05
7.43342e-05
8.16541e-05
9.11818e-05
0.000103451
0.000119099
0.000138898
0.000163793
0.00019495
0.000233822
0.000282218
0.000342401
0.00041721
0.000510205
0.000625867
0.000769831
0.000949205
0.00117296
0.00145243
0.00180197
0.00223981
0.0027891
0.00347935
0.00434832
0.00544417
0.0067933
0.00851333
0.0106751
0.0134732
0.0238423
0.0384837
0.0533359
0.0682425
0.0830733
0.0977165
0.112073
0.12605
0.13956
0.152513
0.164815
0.176341
0.187025
0.196704
0.205238
0.212489
0.218336
0.222737
0.225783
0.227709
0.228824
0.22942
0.229721
0.229869
0.229939
0.229973
0.229988
0.229995
0.229998
0.23
3.30178e-09
1.42599e-08
3.19428e-08
5.98972e-08
1.03335e-07
1.69773e-07
2.69807e-07
4.17961e-07
6.33494e-07
9.40922e-07
1.36997e-06
1.95464e-06
2.73116e-06
3.73004e-06
4.98279e-06
6.50722e-06
8.30827e-06
1.03767e-05
1.26901e-05
1.5215e-05
1.79112e-05
2.07348e-05
2.36418e-05
2.65898e-05
2.95389e-05
3.24635e-05
3.53251e-05
3.80992e-05
4.07653e-05
4.32931e-05
4.56814e-05
4.79236e-05
5.00198e-05
5.19549e-05
5.3775e-05
5.55316e-05
5.73065e-05
5.92225e-05
6.14496e-05
6.42059e-05
6.77568e-05
7.24139e-05
7.85363e-05
8.65367e-05
9.68938e-05
0.000110171
0.000127043
0.000148328
0.000175031
0.000208395
0.000249967
0.00030168
0.000365953
0.000445821
0.000545096
0.000668572
0.000822284
0.00101384
0.00125283
0.00155136
0.00192469
0.00239208
0.00297779
0.00371231
0.00463379
0.00578708
0.00720393
0.00899053
0.0112076
0.0139695
0.0271382
0.0418774
0.0567656
0.0716641
0.0864521
0.101023
0.115281
0.129137
0.142504
0.155294
0.167413
0.178745
0.189198
0.198608
0.206852
0.213796
0.219331
0.223437
0.226234
0.227974
0.228968
0.229493
0.229757
0.229886
0.229947
0.229976
0.22999
0.229996
0.229998
0.23
3.17756e-09
1.3724e-08
3.07466e-08
5.76688e-08
9.95314e-08
1.63623e-07
2.60251e-07
4.03611e-07
6.12622e-07
9.11535e-07
1.32998e-06
1.90204e-06
2.66402e-06
3.65049e-06
4.89228e-06
6.41008e-06
8.21142e-06
1.02894e-05
1.26233e-05
1.51811e-05
1.79234e-05
2.08067e-05
2.37871e-05
2.68219e-05
2.98722e-05
3.29032e-05
3.58834e-05
3.87856e-05
4.1587e-05
4.42686e-05
4.68155e-05
4.92209e-05
5.14839e-05
5.36178e-05
5.56291e-05
5.75858e-05
5.95801e-05
6.17452e-05
6.42634e-05
6.73678e-05
7.13398e-05
7.65086e-05
8.32515e-05
9.20024e-05
0.000103265
0.000117632
0.000135817
0.000158687
0.000187307
0.000222999
0.000267409
0.000322597
0.000391147
0.000476303
0.000582153
0.000713853
0.000877917
0.00108259
0.00133833
0.00165842
0.00205979
0.00256403
0.00319873
0.00399927
0.0050111
0.00627449
0.00785721
0.00986538
0.012489
0.0157299
0.0301782
0.0449381
0.0598288
0.074706
0.0894481
0.10395
0.118117
0.131863
0.145101
0.157745
0.169704
0.180884
0.191121
0.200293
0.208263
0.214927
0.220183
0.22403
0.226611
0.228193
0.229086
0.229552
0.229786
0.229899
0.229954
0.229979
0.229991
0.229996
0.229999
0.23
3.06182e-09
1.32247e-08
2.9632e-08
5.55923e-08
9.59865e-08
1.57889e-07
2.51338e-07
3.90207e-07
5.93081e-07
8.83918e-07
1.2922e-06
1.85217e-06
2.6009e-06
3.57501e-06
4.80649e-06
6.31812e-06
8.11984e-06
1.0207e-05
1.25608e-05
1.51508e-05
1.79385e-05
2.08805e-05
2.39329e-05
2.70535e-05
3.02026e-05
3.33447e-05
3.64479e-05
3.94846e-05
4.24316e-05
4.52708e-05
4.79847e-05
5.05653e-05
5.30111e-05
5.53336e-05
5.75602e-05
5.97567e-05
6.2015e-05
6.44765e-05
6.73362e-05
7.08411e-05
7.52877e-05
8.10217e-05
8.84394e-05
9.79953e-05
0.000110217
0.000125728
0.000145278
0.000169778
0.000200352
0.000238395
0.000285643
0.000344272
0.000417012
0.000507297
0.000619458
0.000758969
0.000932762
0.00114965
0.00142084
0.00176069
0.00218759
0.00272528
0.00340448
0.00426523
0.00536006
0.00672246
0.00848088
0.010737
0.0137532
0.0179052
0.032603
0.0474951
0.0624445
0.0773307
0.0920461
0.106493
0.120583
0.134229
0.147347
0.159848
0.171631
0.182575
0.192625
0.201653
0.209449
0.215886
0.220903
0.224527
0.226923
0.228373
0.229182
0.229601
0.229809
0.229911
0.229959
0.229981
0.229992
0.229997
0.229999
0.23
2.95504e-09
1.2764e-08
2.86035e-08
5.36758e-08
9.2714e-08
1.52594e-07
2.43102e-07
3.77817e-07
5.75013e-07
8.5839e-07
1.25732e-06
1.80625e-06
2.54288e-06
3.505e-06
4.72627e-06
6.23157e-06
8.03313e-06
1.01285e-05
1.25007e-05
1.51209e-05
1.79513e-05
2.09496e-05
2.40722e-05
2.72766e-05
3.05228e-05
3.37748e-05
3.70007e-05
4.01728e-05
4.32679e-05
4.62693e-05
4.91571e-05
5.19252e-05
5.45733e-05
5.71182e-05
5.95974e-05
6.20554e-05
6.45993e-05
6.73846e-05
7.06186e-05
7.45614e-05
7.95238e-05
8.58664e-05
9.40012e-05
0.000104401
0.000117616
0.000134296
0.000155222
0.000181347
0.000213844
0.000254166
0.000304122
0.000365975
0.000442562
0.000537443
0.000655104
0.0008012
0.000982887
0.00120923
0.00149177
0.00184521
0.00228836
0.0028454
0.00354747
0.0044349
0.00555791
0.00695083
0.00873047
0.0110009
0.0139961
0.0199885
0.034777
0.0497265
0.0647015
0.0795854
0.0942746
0.108675
0.122701
0.136268
0.14929
0.161678
0.173327
0.184151
0.194036
0.202837
0.210462
0.216702
0.221511
0.224942
0.227182
0.22852
0.22926
0.22964
0.229828
0.22992
0.229963
0.229983
0.229993
0.229997
0.229999
0.23
2.85824e-09
1.23463e-08
2.76705e-08
5.19363e-08
8.97411e-08
1.47779e-07
2.35604e-07
3.66519e-07
5.58507e-07
8.35016e-07
1.2253e-06
1.76396e-06
2.48924e-06
3.43998e-06
4.65137e-06
6.15022e-06
7.95091e-06
1.00531e-05
1.24417e-05
1.50891e-05
1.79588e-05
2.10092e-05
2.41971e-05
2.74803e-05
3.08195e-05
3.41755e-05
3.75188e-05
4.08221e-05
4.40611e-05
4.72262e-05
5.02943e-05
5.32561e-05
5.61115e-05
5.88812e-05
6.16005e-05
6.4332e-05
6.71921e-05
7.03385e-05
7.39867e-05
7.84076e-05
8.39239e-05
9.09091e-05
9.97896e-05
0.000111055
0.000125274
0.000143121
0.000165407
0.000193116
0.000227461
0.000269941
0.00032242
0.00038722
0.000467244
0.000566126
0.000688423
0.000839864
0.00102766
0.0012609
0.00155108
0.00191274
0.00236436
0.00292942
0.00363788
0.00452802
0.00564687
0.00702334
0.00877153
0.0109749
0.0138521
0.0218033
0.036643
0.0516217
0.0666058
0.0814809
0.0961454
0.110506
0.124476
0.13797
0.150904
0.163191
0.174746
0.185486
0.19525
0.203906
0.211316
0.217392
0.222022
0.225287
0.227394
0.228641
0.229323
0.229672
0.229844
0.229927
0.229966
0.229985
0.229993
0.229997
0.229999
0.23
2.77315e-09
1.19789e-08
2.6849e-08
5.04025e-08
8.71157e-08
1.43519e-07
2.28956e-07
3.5648e-07
5.43805e-07
8.14141e-07
1.19662e-06
1.72593e-06
2.44077e-06
3.38088e-06
4.58279e-06
6.07504e-06
7.87393e-06
9.98101e-06
1.23829e-05
1.50535e-05
1.79572e-05
2.10532e-05
2.42982e-05
2.76502e-05
3.10702e-05
3.45229e-05
3.79764e-05
4.14047e-05
4.4786e-05
4.81031e-05
5.13373e-05
5.44828e-05
5.75452e-05
6.05472e-05
6.35315e-05
6.65738e-05
6.97749e-05
7.33037e-05
7.73858e-05
8.23019e-05
8.83853e-05
9.60202e-05
0.000105645
0.000117764
0.000132965
0.000151942
0.000175529
0.000204742
0.000240824
0.000285313
0.000340111
0.000407582
0.000490673
0.000593057
0.000719326
0.000875224
0.00106795
0.00130654
0.00160235
0.00196969
0.00242658
0.00299584
0.00370633
0.0045947
0.00570612
0.00706551
0.00878832
0.0109444
0.0137451
0.0232472
0.0381401
0.0531474
0.068141
0.083009
0.0976504
0.111974
0.125895
0.139334
0.152217
0.164456
0.175959
0.186605
0.196262
0.204794
0.212067
0.217964
0.222439
0.225567
0.227566
0.228738
0.229373
0.229697
0.229856
0.229933
0.229969
0.229986
0.229994
0.229998
0.229999
0.23
2.70243e-09
1.16733e-08
2.61643e-08
4.91207e-08
8.49147e-08
1.39936e-07
2.23345e-07
3.47974e-07
5.313e-07
7.96311e-07
1.17201e-06
1.69315e-06
2.39876e-06
3.32932e-06
4.52248e-06
6.00825e-06
7.80458e-06
9.91463e-06
1.23265e-05
1.50151e-05
1.79458e-05
2.10783e-05
2.437e-05
2.77791e-05
3.12668e-05
3.47999e-05
3.83459e-05
4.1879e-05
4.53777e-05
4.88244e-05
5.22099e-05
5.55287e-05
5.87852e-05
6.2005e-05
6.52349e-05
6.85565e-05
7.20892e-05
7.59967e-05
8.05065e-05
8.59099e-05
9.25455e-05
0.000100805
0.000111137
0.00012406
0.000140175
0.000160197
0.000184982
0.00021557
0.000253235
0.000299543
0.000356429
0.000426294
0.000512116
0.000617601
0.000747364
0.00090716
0.00110418
0.00134742
0.00164815
0.00202052
0.00248233
0.00305601
0.00376988
0.00465995
0.00577066
0.00712533
0.00884078
0.0109813
0.0137461
0.0243033
0.0392549
0.0542953
0.0693022
0.084168
0.098797
0.113106
0.127011
0.140434
0.153285
0.165477
0.176912
0.187482
0.197053
0.205486
0.212644
0.218413
0.222768
0.225786
0.227699
0.228812
0.229412
0.229716
0.229866
0.229937
0.229971
0.229987
0.229994
0.229998
0.229999
0.23
2.65015e-09
1.14467e-08
2.56543e-08
4.81605e-08
8.32553e-08
1.37215e-07
2.19054e-07
3.41425e-07
5.21601e-07
7.82386e-07
1.15266e-06
1.66717e-06
2.36522e-06
3.2878e-06
4.47345e-06
5.95329e-06
7.74653e-06
9.85759e-06
1.22756e-05
1.49765e-05
1.79261e-05
2.10844e-05
2.44093e-05
2.78599e-05
3.13976e-05
3.49881e-05
3.86015e-05
4.22121e-05
4.57992e-05
4.93476e-05
5.28493e-05
5.63007e-05
5.97102e-05
6.31044e-05
6.65373e-05
7.0101e-05
7.39298e-05
7.81906e-05
8.31001e-05
8.89422e-05
9.60628e-05
0.000104862
0.000115797
0.000129398
0.000146282
0.000167179
0.000192964
0.0002247
0.000263683
0.000311508
0.000370138
0.000442005
0.000530117
0.000638211
0.000770927
0.000934044
0.00113476
0.00138206
0.00168718
0.00206418
0.00253074
0.00310909
0.00382736
0.00472117
0.00583423
0.00718954
0.00890389
0.0110419
0.0137973
0.0249918
0.0399928
0.0550648
0.0700902
0.0849663
0.0996002
0.113904
0.127796
0.141196
0.154021
0.16618
0.177575
0.188098
0.197613
0.20598
0.213062
0.218749
0.223009
0.225946
0.227796
0.228866
0.22944
0.22973
0.229872
0.229941
0.229973
0.229988
0.229995
0.229998
0.229999
0.23
2.6223e-09
1.13255e-08
2.538e-08
4.76407e-08
8.23508e-08
1.35722e-07
2.16684e-07
3.37783e-07
5.16176e-07
7.74547e-07
1.14169e-06
1.65235e-06
2.34594e-06
3.26373e-06
4.4447e-06
5.92059e-06
7.71132e-06
9.82198e-06
1.22423e-05
1.49487e-05
1.79073e-05
2.10786e-05
2.44208e-05
2.78929e-05
3.14568e-05
3.50783e-05
3.87278e-05
4.23808e-05
4.60177e-05
4.96242e-05
5.31928e-05
5.67209e-05
6.02185e-05
6.37152e-05
6.72701e-05
7.09832e-05
7.49994e-05
7.95005e-05
8.46832e-05
9.08172e-05
9.82546e-05
0.000107401
0.000118722
0.000132754
0.000150124
0.000171573
0.00019799
0.000230453
0.000270274
0.000319066
0.000378815
0.000451974
0.000541577
0.000651384
0.000786062
0.00095141
0.00115464
0.00140476
0.00171297
0.00209332
0.00256336
0.00314514
0.00386638
0.00476201
0.00587436
0.00722451
0.00892487
0.0110326
0.0137213
0.0252823
0.0403445
0.0554508
0.0704944
0.0853781
0.100012
0.114312
0.128197
0.141586
0.154398
0.166541
0.177916
0.188416
0.197902
0.206236
0.213278
0.218919
0.223133
0.226028
0.227845
0.228894
0.229454
0.229737
0.229876
0.229942
0.229974
0.229988
0.229995
0.229998
0.229999
0.23
2.62414e-09
1.13334e-08
2.53973e-08
4.76726e-08
8.24052e-08
1.3581e-07
2.16822e-07
3.37993e-07
5.16488e-07
7.75e-07
1.14233e-06
1.65324e-06
2.3471e-06
3.26519e-06
4.44645e-06
5.92262e-06
7.71358e-06
9.82441e-06
1.22449e-05
1.49512e-05
1.79098e-05
2.10811e-05
2.44233e-05
2.78955e-05
3.14595e-05
3.5081e-05
3.87307e-05
4.23838e-05
4.60208e-05
4.96277e-05
5.31968e-05
5.67258e-05
6.02244e-05
6.37216e-05
6.72771e-05
7.09903e-05
7.50062e-05
7.95063e-05
8.46877e-05
9.08211e-05
9.82584e-05
0.000107405
0.000118728
0.000132762
0.000150134
0.000171587
0.00019801
0.000230478
0.000270308
0.000319112
0.000378876
0.000452053
0.000541678
0.000651512
0.000786221
0.000951603
0.00115487
0.00140501
0.00171323
0.00209354
0.00256347
0.00314503
0.00386588
0.00476089
0.0058724
0.00722159
0.00892118
0.0110292
0.013721
0.0252775
0.0403406
0.0554469
0.0704903
0.0853738
0.100008
0.114308
0.128193
0.141583
0.154395
0.166539
0.177916
0.188416
0.197904
0.206237
0.21328
0.218921
0.223135
0.226029
0.227846
0.228894
0.229455
0.229737
0.229876
0.229942
0.229974
0.229988
0.229995
0.229998
0.229999
0.23
2.65488e-09
1.14667e-08
2.5698e-08
4.82407e-08
8.33911e-08
1.37434e-07
2.19397e-07
3.41949e-07
5.22388e-07
7.83549e-07
1.15436e-06
1.66967e-06
2.36832e-06
3.29179e-06
4.4784e-06
5.95922e-06
7.75337e-06
9.86516e-06
1.22837e-05
1.49847e-05
1.79342e-05
2.10924e-05
2.44173e-05
2.7868e-05
3.14057e-05
3.49963e-05
3.86099e-05
4.2221e-05
4.58092e-05
4.93588e-05
5.28625e-05
5.63171e-05
5.97297e-05
6.31255e-05
6.65613e-05
7.01281e-05
7.39588e-05
7.82194e-05
8.31254e-05
8.89666e-05
9.60879e-05
0.000104889
0.000115829
0.000129436
0.000146327
0.000167235
0.000193035
0.00022479
0.000263798
0.000311655
0.000370328
0.000442248
0.00053043
0.000638611
0.000771438
0.000934689
0.00113557
0.00138305
0.00168838
0.00206561
0.00253237
0.00311086
0.00382915
0.00472271
0.00583519
0.00718962
0.00890276
0.0110401
0.013797
0.0249734
0.039976
0.055049
0.070075
0.0849517
0.0995867
0.113892
0.127787
0.141189
0.154016
0.166178
0.177576
0.188101
0.197618
0.205987
0.21307
0.218755
0.223013
0.225948
0.227797
0.228866
0.22944
0.22973
0.229872
0.229941
0.229973
0.229988
0.229995
0.229998
0.229999
0.23
2.70981e-09
1.17046e-08
2.62328e-08
4.92467e-08
8.51282e-08
1.4028e-07
2.23883e-07
3.48794e-07
5.32521e-07
7.98089e-07
1.17454e-06
1.69663e-06
2.40338e-06
3.33536e-06
4.53005e-06
6.01737e-06
7.8151e-06
9.92629e-06
1.23389e-05
1.50278e-05
1.79584e-05
2.10904e-05
2.4382e-05
2.77902e-05
3.12769e-05
3.48097e-05
3.83553e-05
4.18887e-05
4.53889e-05
4.88396e-05
5.22271e-05
5.55474e-05
5.88073e-05
6.20303e-05
6.52674e-05
6.85927e-05
7.21285e-05
7.60401e-05
8.05569e-05
8.59649e-05
9.26042e-05
0.000100868
0.000111205
0.000124135
0.00014026
0.000160296
0.0001851
0.000215714
0.000253413
0.000299764
0.000356708
0.000426647
0.000512565
0.000618174
0.000748096
0.000908099
0.00110538
0.00134895
0.0016501
0.00202298
0.00248541
0.00305985
0.00377459
0.0046656
0.00577708
0.00713232
0.00884743
0.0109867
0.013749
0.0242714
0.0392239
0.0542659
0.0692751
0.0841441
0.0987771
0.113089
0.126998
0.140425
0.15328
0.165476
0.176914
0.187488
0.197061
0.205497
0.212655
0.218422
0.222774
0.22579
0.227701
0.228813
0.229412
0.229716
0.229866
0.229937
0.229971
0.229987
0.229994
0.229998
0.229999
0.23
2.78248e-09
1.20185e-08
2.69356e-08
5.05618e-08
8.73853e-08
1.43954e-07
2.29636e-07
3.57515e-07
5.45345e-07
8.16376e-07
1.19976e-06
1.7301e-06
2.44668e-06
3.38872e-06
4.59272e-06
6.0871e-06
7.88796e-06
9.99666e-06
1.23997e-05
1.50707e-05
1.79743e-05
2.10696e-05
2.4313e-05
2.76634e-05
3.10821e-05
3.45332e-05
3.79854e-05
4.14127e-05
4.47923e-05
4.81058e-05
5.13426e-05
5.44932e-05
5.7562e-05
6.05659e-05
6.35509e-05
6.65843e-05
6.97799e-05
7.33058e-05
7.73868e-05
8.23029e-05
8.8387e-05
9.60234e-05
0.000105651
0.000117776
0.000132985
0.000151974
0.000175579
0.000204817
0.000240935
0.000285473
0.000340337
0.000407897
0.000491105
0.000593644
0.000720115
0.000876274
0.00106934
0.00130836
0.00160472
0.00197274
0.00243048
0.00300076
0.00371246
0.00460228
0.00571501
0.00707598
0.00879952
0.0109564
0.0137581
0.023203
0.0380974
0.0531074
0.0681043
0.0829763
0.0976228
0.111952
0.125879
0.139322
0.152212
0.164462
0.175964
0.186611
0.196271
0.204805
0.212077
0.217971
0.222445
0.22557
0.227567
0.228738
0.229373
0.229697
0.229856
0.229933
0.229969
0.229986
0.229994
0.229998
0.229999
0.23
2.86932e-09
1.23933e-08
2.77733e-08
5.21254e-08
9.00615e-08
1.48297e-07
2.36414e-07
3.67757e-07
5.60361e-07
8.37743e-07
1.22924e-06
1.76955e-06
2.49665e-06
3.44969e-06
4.66365e-06
6.16514e-06
7.96826e-06
1.00724e-05
1.24622e-05
1.511e-05
1.79793e-05
2.10284e-05
2.42141e-05
2.74943e-05
3.08302e-05
3.41829e-05
3.75242e-05
4.08266e-05
4.40671e-05
4.7227e-05
5.0289e-05
5.32483e-05
5.61061e-05
5.88791e-05
6.15923e-05
6.43243e-05
6.71818e-05
7.03251e-05
7.39706e-05
7.83892e-05
8.39038e-05
9.08881e-05
9.9769e-05
0.000111036
0.00012526
0.000143115
0.000165413
0.000193142
0.000227516
0.000270038
0.000322576
0.000387457
0.000467593
0.000566626
0.000689128
0.000840842
0.001029
0.00126271
0.0015535
0.00191594
0.00236856
0.00293488
0.00364492
0.00453702
0.00565782
0.00703727
0.00878821
0.010998
0.0138889
0.0217506
0.0365889
0.0515688
0.0665554
0.0814332
0.0960999
0.110463
0.124437
0.137938
0.150879
0.163171
0.174741
0.18549
0.19526
0.203918
0.211327
0.217403
0.222028
0.22529
0.227396
0.228641
0.229323
0.229671
0.229844
0.229927
0.229966
0.229985
0.229993
0.229997
0.229999
0.23
2.96762e-09
1.28173e-08
2.87202e-08
5.38906e-08
9.30779e-08
1.53182e-07
2.44023e-07
3.79225e-07
5.77121e-07
8.61482e-07
1.26175e-06
1.81241e-06
2.55135e-06
3.51629e-06
4.74069e-06
6.24917e-06
8.05361e-06
1.01512e-05
1.25247e-05
1.51449e-05
1.79741e-05
2.09704e-05
2.40897e-05
2.72898e-05
3.05311e-05
3.37778e-05
3.69983e-05
4.01652e-05
4.32553e-05
4.62491e-05
4.91316e-05
5.1894e-05
5.45358e-05
5.707e-05
5.95313e-05
6.19823e-05
6.4524e-05
6.73081e-05
7.0541e-05
7.44827e-05
7.94436e-05
8.57846e-05
9.39178e-05
0.000104316
0.00011753
0.00013421
0.000155138
0.000181269
0.000213774
0.000254111
0.00030409
0.000365979
0.000442619
0.000537576
0.000655345
0.000801594
0.000983493
0.00121013
0.00149306
0.001847
0.00229079
0.00284859
0.00355158
0.00444013
0.00556423
0.00695973
0.00874276
0.0110263
0.0140538
0.0199338
0.0347118
0.0496587
0.0646352
0.0795229
0.0942175
0.108626
0.12266
0.136235
0.149268
0.161666
0.173328
0.184155
0.194045
0.202848
0.210476
0.216712
0.221518
0.224945
0.227183
0.22852
0.229259
0.229639
0.229828
0.229919
0.229963
0.229983
0.229993
0.229997
0.229999
0.23
3.0757e-09
1.32835e-08
2.97608e-08
5.58295e-08
9.63892e-08
1.58542e-07
2.52364e-07
3.91784e-07
5.95459e-07
8.87437e-07
1.29729e-06
1.8593e-06
2.61083e-06
3.58822e-06
4.82335e-06
6.33864e-06
8.14366e-06
1.02333e-05
1.25884e-05
1.51783e-05
1.79643e-05
2.09026e-05
2.39503e-05
2.7065e-05
3.02071e-05
3.33412e-05
3.64354e-05
3.94626e-05
4.23997e-05
4.52279e-05
4.79322e-05
5.05029e-05
5.29386e-05
5.52498e-05
5.7478e-05
5.96709e-05
6.19246e-05
6.43817e-05
6.72369e-05
7.07368e-05
7.5178e-05
8.09055e-05
8.83151e-05
9.78608e-05
0.00011007
0.000125565
0.000145096
0.000169573
0.00020012
0.000238129
0.000285338
0.000343918
0.000416597
0.000506808
0.000618874
0.000758262
0.000931894
0.00114856
0.00141945
0.00175887
0.00218513
0.00272184
0.00339951
0.00425787
0.00534917
0.00670656
0.00845959
0.0107092
0.0137222
0.0178238
0.032512
0.0474034
0.0623561
0.0772481
0.0919707
0.106426
0.120525
0.134181
0.147308
0.159817
0.171606
0.182567
0.192627
0.201663
0.209459
0.215896
0.220911
0.22453
0.226924
0.228372
0.22918
0.2296
0.229809
0.22991
0.229959
0.229981
0.229992
0.229997
0.229999
0.23
3.19256e-09
1.37874e-08
3.08857e-08
5.79253e-08
9.99676e-08
1.64332e-07
2.6137e-07
4.0534e-07
6.15244e-07
9.1544e-07
1.33567e-06
1.91014e-06
2.67534e-06
3.66544e-06
4.91145e-06
6.43343e-06
8.23849e-06
1.03192e-05
1.26543e-05
1.52117e-05
1.79515e-05
2.08304e-05
2.38046e-05
2.68316e-05
2.98727e-05
3.2893e-05
3.58609e-05
3.87489e-05
4.15337e-05
4.42061e-05
4.6742e-05
4.9134e-05
5.13817e-05
5.35016e-05
5.55076e-05
5.74652e-05
5.94613e-05
6.16272e-05
6.41448e-05
6.72459e-05
7.12112e-05
7.63688e-05
8.30961e-05
9.18262e-05
0.000103061
0.000117395
0.000135537
0.000158352
0.000186904
0.000222508
0.000266807
0.000321852
0.000390215
0.00047513
0.000580666
0.000711953
0.000875473
0.00107943
0.00133422
0.00165305
0.00205274
0.00255473
0.0031864
0.00398283
0.00498894
0.00624491
0.00781647
0.00980913
0.0124088
0.01561
0.0300435
0.0448087
0.0597074
0.0745938
0.0893459
0.103858
0.118037
0.131794
0.145044
0.157702
0.169677
0.180869
0.191122
0.2003
0.208274
0.214938
0.22019
0.224033
0.22661
0.228191
0.229084
0.229551
0.229785
0.229899
0.229953
0.229979
0.229991
0.229996
0.229999
0.23
3.31771e-09
1.43272e-08
3.20905e-08
6.01699e-08
1.038e-07
1.70531e-07
2.71009e-07
4.19832e-07
6.36358e-07
9.45229e-07
1.37632e-06
1.96376e-06
2.74407e-06
3.74634e-06
5.00401e-06
6.53324e-06
8.33851e-06
1.041e-05
1.27245e-05
1.52487e-05
1.79418e-05
2.07603e-05
2.36602e-05
2.65991e-05
2.95374e-05
3.24509e-05
3.52988e-05
3.80576e-05
4.07075e-05
4.3221e-05
4.55963e-05
4.78227e-05
4.98993e-05
5.18309e-05
5.36486e-05
5.54037e-05
5.71774e-05
5.90914e-05
6.13146e-05
6.40642e-05
6.76043e-05
7.22454e-05
7.83457e-05
8.63166e-05
9.66354e-05
0.000109863
0.000126673
0.000147878
0.000174479
0.000207713
0.000249118
0.000300617
0.000364613
0.000444124
0.000542937
0.000665816
0.00081876
0.00100933
0.00124706
0.001544
0.00191535
0.0023803
0.00296304
0.00369398
0.00461113
0.00575948
0.00716983
0.00894738
0.0111498
0.0138772
0.0269121
0.0416909
0.0566043
0.0715209
0.0863242
0.10091
0.115182
0.129053
0.142436
0.155241
0.167375
0.17872
0.189184
0.198608
0.20686
0.213804
0.219336
0.223439
0.226232
0.22797
0.228965
0.229491
0.229755
0.229885
0.229947
0.229976
0.229989
0.229996
0.229998
0.23
3.4511e-09
1.49025e-08
3.33748e-08
6.25629e-08
1.07886e-07
1.77142e-07
2.81288e-07
4.35282e-07
6.58849e-07
9.76902e-07
1.4193e-06
2.01952e-06
2.81189e-06
3.83161e-06
5.10249e-06
6.63982e-06
8.44576e-06
1.05084e-05
1.28029e-05
1.52945e-05
1.79422e-05
2.07016e-05
2.35302e-05
2.63871e-05
2.92357e-05
3.20346e-05
3.47624e-05
3.73928e-05
3.99039e-05
4.22816e-05
4.45122e-05
4.65883e-05
4.85084e-05
5.0286e-05
5.19403e-05
5.35214e-05
5.51055e-05
5.68051e-05
5.87768e-05
6.12231e-05
6.43922e-05
6.85768e-05
7.4116e-05
8.14002e-05
9.08819e-05
0.000103092
0.000118666
0.000138371
0.000163146
0.000194153
0.000232833
0.000280985
0.000340857
0.000415269
0.000507759
0.000622775
0.000765918
0.00094425
0.00116669
0.00144452
0.00179204
0.00222743
0.0027738
0.00346072
0.00432601
0.00541811
0.00676409
0.00848212
0.0106434
0.0134419
0.0236353
0.0382928
0.0531599
0.06808
0.0829242
0.0975812
0.111952
0.125946
0.139473
0.152444
0.164764
0.176307
0.187007
0.196698
0.205241
0.212494
0.218339
0.222736
0.225779
0.227704
0.22882
0.229417
0.229719
0.229867
0.229939
0.229972
0.229988
0.229995
0.229998
0.23
3.59306e-09
1.55148e-08
3.4742e-08
6.51111e-08
1.12239e-07
1.84187e-07
2.92244e-07
4.51756e-07
6.82845e-07
1.01075e-06
1.4655e-06
2.08043e-06
2.8894e-06
3.92893e-06
5.20958e-06
6.7548e-06
8.56188e-06
1.06163e-05
1.28914e-05
1.53513e-05
1.79541e-05
2.06566e-05
2.34155e-05
2.61902e-05
2.89428e-05
3.16356e-05
3.42589e-05
3.67737e-05
3.91618e-05
4.14033e-05
4.35101e-05
4.54548e-05
4.72418e-05
4.88777e-05
5.03927e-05
5.18292e-05
5.32569e-05
5.47797e-05
5.65429e-05
5.8735e-05
6.15889e-05
6.53807e-05
7.04314e-05
7.71117e-05
8.58511e-05
9.71532e-05
0.000111618
0.000129971
0.000153096
0.000182085
0.000218292
0.000263407
0.00031954
0.00038934
0.000476135
0.000584116
0.000718568
0.000886181
0.00109544
0.00135712
0.00168501
0.00209676
0.00261512
0.00326956
0.00409856
0.00515282
0.00646759
0.00816838
0.0103459
0.0132576
0.0197846
0.0344336
0.0492979
0.0642371
0.0791285
0.0938624
0.108339
0.122465
0.13615
0.149303
0.16183
0.173615
0.184572
0.19455
0.203405
0.210993
0.217182
0.22191
0.225239
0.227381
0.228642
0.229326
0.229675
0.229846
0.229929
0.229968
0.229986
0.229994
0.229998
0.23
3.74427e-09
1.61671e-08
3.61988e-08
6.78273e-08
1.16881e-07
1.91702e-07
3.03937e-07
4.69344e-07
7.08459e-07
1.04685e-06
1.51463e-06
2.14485e-06
2.97062e-06
4.02152e-06
5.32694e-06
6.8788e-06
8.68807e-06
1.07355e-05
1.29925e-05
1.54223e-05
1.7983e-05
2.06312e-05
2.33242e-05
2.60232e-05
2.86918e-05
3.12994e-05
3.38144e-05
3.62214e-05
3.85016e-05
4.06419e-05
4.26182e-05
4.444e-05
4.61047e-05
4.76182e-05
4.90257e-05
5.03447e-05
5.16452e-05
5.30248e-05
5.46187e-05
5.66031e-05
5.91963e-05
6.26594e-05
6.72966e-05
7.34603e-05
8.15593e-05
9.20724e-05
0.000105568
0.000122733
0.0001444
0.000171598
0.000205599
0.000247988
0.000300744
0.000366348
0.000447916
0.00054937
0.000675662
0.00083305
0.00102948
0.00127505
0.00158266
0.00196885
0.00245494
0.00306851
0.00384557
0.0048335
0.00607752
0.00765959
0.00970764
0.0124422
0.0159547
0.0304048
0.0451572
0.0600535
0.0749592
0.089755
0.104334
0.118598
0.132453
0.145805
0.158559
0.170609
0.181845
0.192135
0.201331
0.209283
0.215849
0.220944
0.224597
0.226992
0.228426
0.229215
0.22962
0.22982
0.229917
0.229962
0.229983
0.229993
0.229998
0.23
3.90567e-09
1.68633e-08
3.77539e-08
7.07279e-08
1.2184e-07
1.99736e-07
3.16444e-07
4.88163e-07
7.35878e-07
1.08551e-06
1.56727e-06
2.21388e-06
3.05748e-06
4.12528e-06
5.44186e-06
7.01784e-06
8.82782e-06
1.087e-05
1.31112e-05
1.55138e-05
1.80357e-05
2.0634e-05
2.32652e-05
2.58931e-05
2.84829e-05
3.10044e-05
3.34203e-05
3.57332e-05
3.79132e-05
3.99489e-05
4.18188e-05
4.35493e-05
4.51235e-05
4.65564e-05
4.78534e-05
4.90711e-05
5.02692e-05
5.15367e-05
5.29986e-05
5.48196e-05
5.72052e-05
6.04026e-05
6.47013e-05
7.04376e-05
7.80018e-05
8.78508e-05
0.000100526
0.000116677
0.000137093
0.000162742
0.000194821
0.000234815
0.000284574
0.000346413
0.000423232
0.00051867
0.000637306
0.000784908
0.000968758
0.00119806
0.00148448
0.00184279
0.00229174
0.0028551
0.0035629
0.00445287
0.00557079
0.00694826
0.00868589
0.0108263
0.0134384
0.0262125
0.0407392
0.0555343
0.0704225
0.0852633
0.0999378
0.11434
0.128372
0.141937
0.154937
0.167266
0.178792
0.189424
0.198991
0.207338
0.214317
0.219818
0.223837
0.226524
0.228162
0.229078
0.229552
0.229788
0.229902
0.229955
0.22998
0.229992
0.229997
0.229999
4.07861e-09
1.76094e-08
3.9421e-08
7.38386e-08
1.27162e-07
2.08365e-07
3.29887e-07
5.08405e-07
7.65387e-07
1.12713e-06
1.62396e-06
2.2883e-06
3.15149e-06
4.23961e-06
5.56917e-06
7.15447e-06
8.9865e-06
1.10226e-05
1.32507e-05
1.56288e-05
1.81146e-05
2.06647e-05
2.32397e-05
2.58008e-05
2.83165e-05
3.07575e-05
3.30998e-05
3.53128e-05
3.74067e-05
3.93553e-05
4.11543e-05
4.27821e-05
4.42776e-05
4.56284e-05
4.68466e-05
4.79987e-05
4.91231e-05
5.03086e-05
5.16733e-05
5.33724e-05
5.56006e-05
5.85932e-05
6.26271e-05
6.80248e-05
7.51611e-05
8.44739e-05
9.64807e-05
0.000111801
0.000131182
0.00015554
0.000186001
0.000223957
0.000271139
0.000329704
0.000402347
0.000492437
0.0006042
0.000742942
0.000915338
0.0011298
0.00139697
0.00173032
0.00214696
0.00266873
0.00332363
0.00414774
0.00518815
0.00648118
0.00811836
0.0102053
0.0129546
0.021086
0.0356751
0.0505053
0.0654383
0.0803514
0.0951335
0.109682
0.123898
0.137685
0.150943
0.163567
0.175406
0.186404
0.196369
0.205141
0.212565
0.21851
0.222938
0.22596
0.227839
0.228909
0.229468
0.229747
0.229883
0.229947
0.229977
0.229991
0.229997
0.229999
4.26427e-09
1.84103e-08
4.12105e-08
7.71782e-08
1.32877e-07
2.17635e-07
3.44339e-07
5.30185e-07
7.97165e-07
1.172e-06
1.68514e-06
2.3687e-06
3.25315e-06
4.36327e-06
5.71383e-06
7.30724e-06
9.14397e-06
1.12018e-05
1.3424e-05
1.57739e-05
1.82253e-05
2.07323e-05
2.32549e-05
2.57554e-05
2.82037e-05
3.05728e-05
3.28411e-05
3.49862e-05
3.69892e-05
3.88634e-05
4.0589e-05
4.21619e-05
4.35799e-05
4.48666e-05
4.60425e-05
4.71302e-05
4.81983e-05
4.93266e-05
5.06252e-05
5.22409e-05
5.43592e-05
5.72052e-05
6.1046e-05
6.61929e-05
7.30085e-05
8.19158e-05
9.3413e-05
0.000108093
0.000126672
0.000150018
0.000179195
0.000215518
0.000260611
0.000316493
0.000385678
0.000471301
0.000577283
0.000708534
0.000871222
0.00107311
0.001324
0.00163632
0.00202587
0.00251284
0.00312323
0.00389073
0.00485942
0.00607696
0.00761445
0.00958982
0.0122052
0.016082
0.0305783
0.0453278
0.0602243
0.0751541
0.0900065
0.104676
0.119061
0.133063
0.146578
0.1595
0.171696
0.183069
0.19345
0.202674
0.210574
0.217003
0.221886
0.225291
0.227452
0.228704
0.229366
0.229699
0.22986
0.229937
0.229972
0.229989
0.229996
0.229999
4.46506e-09
1.92767e-08
4.31475e-08
8.07967e-08
1.39077e-07
2.27707e-07
3.60067e-07
5.53921e-07
8.31837e-07
1.22098e-06
1.75196e-06
2.45651e-06
3.36412e-06
4.498e-06
5.8712e-06
7.48345e-06
9.32163e-06
1.13697e-05
1.35941e-05
1.59456e-05
1.83689e-05
2.08379e-05
2.33126e-05
2.576e-05
2.81457e-05
3.04483e-05
3.26466e-05
3.47259e-05
3.66682e-05
3.84623e-05
4.01241e-05
4.16394e-05
4.30025e-05
4.4248e-05
4.53829e-05
4.64327e-05
4.74739e-05
4.85704e-05
4.98316e-05
5.13984e-05
5.34493e-05
5.62024e-05
5.99169e-05
6.48966e-05
7.14952e-05
8.0125e-05
9.12697e-05
0.000105503
0.000123513
0.000146132
0.000174372
0.00020948
0.000252988
0.000306793
0.000373245
0.000455264
0.000556483
0.000681434
0.00083578
0.00102662
0.00126285
0.00155568
0.00191927
0.0023715
0.00293501
0.00363847
0.00451813
0.00561956
0.00697771
0.00869696
0.0108287
0.0134625
0.0260146
0.04031
0.0549782
0.0698167
0.0846717
0.0994165
0.113939
0.128133
0.141893
0.155109
0.167661
0.17941
0.190225
0.199922
0.208326
0.215271
0.220648
0.224483
0.226973
0.228443
0.229235
0.229636
0.229831
0.229924
0.229967
0.229986
0.229995
0.229999
4.68038e-09
2.02054e-08
4.52222e-08
8.4669e-08
1.45708e-07
2.38474e-07
3.7688e-07
5.79314e-07
8.68987e-07
1.27359e-06
1.82393e-06
2.55142e-06
3.48451e-06
4.64469e-06
6.04287e-06
7.67694e-06
9.53088e-06
1.15766e-05
1.37844e-05
1.61216e-05
1.85419e-05
2.09845e-05
2.3415e-05
2.581e-05
2.81426e-05
3.03838e-05
3.25186e-05
3.45342e-05
3.64204e-05
3.81644e-05
3.97607e-05
4.12288e-05
4.25631e-05
4.37616e-05
4.48715e-05
4.59139e-05
4.69318e-05
4.80125e-05
4.92583e-05
5.08045e-05
5.28241e-05
5.55301e-05
5.9177e-05
6.40636e-05
7.05388e-05
7.90084e-05
8.99472e-05
0.000103916
0.000121583
0.000143752
0.000171399
0.000205716
0.000248162
0.000300537
0.000365057
0.000444461
0.000542141
0.000662306
0.000810183
0.000992284
0.00121674
0.00149372
0.00183599
0.00225966
0.00278508
0.00343811
0.00425179
0.00526872
0.0065321
0.00810992
0.0100979
0.0126565
0.0201469
0.0346708
0.0494244
0.0642999
0.0791949
0.0940091
0.108643
0.122999
0.136975
0.150462
0.163344
0.175448
0.186706
0.196894
0.205829
0.213329
0.219251
0.223568
0.226431
0.228151
0.22909
0.229566
0.229799
0.229909
0.22996
0.229984
0.229994
0.229999
4.91585e-09
2.12229e-08
4.75032e-08
8.89444e-08
1.53061e-07
2.50463e-07
3.95666e-07
6.07758e-07
9.10653e-07
1.33259e-06
1.90457e-06
2.65756e-06
3.61887e-06
4.80808e-06
6.23372e-06
7.89132e-06
9.76332e-06
1.18205e-05
1.40253e-05
1.63391e-05
1.87236e-05
2.11403e-05
2.35482e-05
2.59024e-05
2.81803e-05
3.03684e-05
3.24486e-05
3.44081e-05
3.62403e-05
3.79398e-05
3.95002e-05
4.092e-05
4.22217e-05
4.34075e-05
4.44894e-05
4.55202e-05
4.65339e-05
4.7618e-05
4.88651e-05
5.04105e-05
5.24245e-05
5.51167e-05
5.87393e-05
6.35893e-05
7.00133e-05
7.84147e-05
8.92637e-05
0.000103113
0.00012062
0.000142569
0.000169908
0.000203792
0.000245627
0.000297137
0.000360437
0.00043813
0.000533421
0.000650266
0.000793555
0.000969345
0.00118516
0.00145036
0.00177664
0.00217866
0.00267489
0.0032887
0.00404987
0.00499665
0.00617469
0.00763866
0.00948971
0.0118836
0.0155847
0.029889
0.0444867
0.0592402
0.0740565
0.0888404
0.103497
0.117931
0.132043
0.145729
0.158873
0.17132
0.182971
0.193619
0.203067
0.211116
0.217594
0.222429
0.225721
0.227752
0.228887
0.229469
0.229754
0.229889
0.229952
0.22998
0.229993
0.229999
5.15451e-09
2.22565e-08
4.98264e-08
9.33101e-08
1.60584e-07
2.62746e-07
4.14932e-07
6.36964e-07
9.53539e-07
1.39358e-06
1.98845e-06
2.76894e-06
3.76134e-06
4.98339e-06
6.44098e-06
8.12663e-06
1.002e-05
1.20903e-05
1.4299e-05
1.66043e-05
1.89629e-05
2.13385e-05
2.36978e-05
2.60125e-05
2.82528e-05
3.03916e-05
3.24215e-05
3.4332e-05
3.61173e-05
3.7774e-05
3.93019e-05
4.07005e-05
4.19714e-05
4.31379e-05
4.42179e-05
4.5241e-05
4.62615e-05
4.73471e-05
4.86005e-05
5.01539e-05
5.21744e-05
5.48702e-05
5.84921e-05
6.3337e-05
6.97516e-05
7.81389e-05
8.8968e-05
0.000102788
0.000120249
0.000142125
0.000169349
0.000203046
0.000244588
0.000295647
0.000358266
0.000434946
0.000528754
0.000643454
0.000783672
0.000955103
0.00116477
0.00142136
0.0017356
0.00212084
0.00259366
0.00317474
0.00388991
0.00477143
0.00585968
0.00719138
0.00884515
0.0108706
0.0133455
0.0267696
0.0408344
0.055243
0.0698228
0.0844463
0.0990031
0.113392
0.127515
0.141272
0.154555
0.167243
0.17919
0.19025
0.200206
0.20884
0.215934
0.221339
0.225082
0.227411
0.228716
0.229387
0.229716
0.229872
0.229944
0.229977
0.229992
0.229999
5.39278e-09
2.33146e-08
5.23056e-08
9.81807e-08
1.69356e-07
2.77675e-07
4.39229e-07
6.74929e-07
1.01051e-06
1.47558e-06
2.10144e-06
2.91774e-06
3.94846e-06
5.20811e-06
6.69894e-06
8.41013e-06
1.03189e-05
1.23929e-05
1.45943e-05
1.68825e-05
1.92173e-05
2.15614e-05
2.38814e-05
2.61487e-05
2.83413e-05
3.04419e-05
3.24344e-05
3.43078e-05
3.60587e-05
3.76842e-05
3.91839e-05
4.05604e-05
4.18209e-05
4.29789e-05
4.40561e-05
4.50778e-05
4.6101e-05
4.71899e-05
4.84492e-05
5.00088e-05
5.2035e-05
5.47349e-05
5.83593e-05
6.32053e-05
6.96202e-05
7.80077e-05
8.88369e-05
0.000102656
0.000120113
0.000141976
0.00016917
0.000202808
0.000244245
0.000295124
0.000357451
0.000433675
0.000526786
0.000640443
0.000779126
0.000948325
0.00115478
0.00140677
0.0017145
0.00209055
0.00255047
0.00311357
0.00380386
0.00465136
0.00569385
0.00697092
0.00854266
0.0104867
0.0129109
0.0243579
0.0383868
0.0526701
0.067106
0.0815848
0.0960041
0.110267
0.124278
0.137944
0.151166
0.163835
0.175787
0.186962
0.197132
0.206098
0.21365
0.219609
0.22392
0.226732
0.228371
0.229225
0.229644
0.229841
0.229932
0.229972
0.22999
0.229998
)
;

boundaryField
{
    fuel
    {
        type            fixedValue;
        value           uniform 0;
    }
    air
    {
        type            fixedValue;
        value           uniform 0.23;
    }
    outlet
    {
        type            inletOutlet;
        inletValue      uniform 0;
        value           nonuniform List<scalar> 
200
(
5.4118e-09
2.33838e-08
5.2416e-08
9.83067e-08
1.69437e-07
2.77577e-07
4.38688e-07
6.73471e-07
1.00736e-06
1.46955e-06
2.09094e-06
2.90086e-06
3.92322e-06
5.1728e-06
6.65258e-06
8.35278e-06
1.02518e-05
1.23185e-05
1.45158e-05
1.68038e-05
1.91427e-05
2.14956e-05
2.38292e-05
2.61139e-05
2.83254e-05
3.04481e-05
3.24602e-05
3.43561e-05
3.61263e-05
3.77715e-05
3.9291e-05
4.06873e-05
4.19653e-05
4.31384e-05
4.4229e-05
4.52654e-05
4.63004e-05
4.74046e-05
4.86793e-05
5.02578e-05
5.23084e-05
5.50406e-05
5.87082e-05
6.36112e-05
7.01005e-05
7.85834e-05
8.95333e-05
0.000103504
0.000121147
0.00014324
0.000170715
0.000204695
0.000246545
0.000297925
0.000360861
0.000437822
0.000531825
0.000646563
0.000786554
0.000957339
0.00116572
0.00142005
0.00173063
0.00211014
0.00257427
0.00314247
0.0038389
0.00469369
0.00574464
0.00703078
0.00861606
0.0105751
0.0130099
0.0250406
0.0389647
0.053185
0.067572
0.082009
0.0963897
0.110615
0.12459
0.13822
0.151406
0.164042
0.175966
0.187116
0.197264
0.206214
0.213751
0.219693
0.223985
0.226777
0.2284
0.229242
0.229653
0.229846
0.229934
0.229973
0.229991
0.229998
5.39278e-09
2.33146e-08
5.23056e-08
9.81807e-08
1.69356e-07
2.77675e-07
4.39229e-07
6.74929e-07
1.01051e-06
1.47558e-06
2.10144e-06
2.91774e-06
3.94846e-06
5.20811e-06
6.69894e-06
8.41013e-06
1.03189e-05
1.23929e-05
1.45943e-05
1.68825e-05
1.92173e-05
2.15614e-05
2.38814e-05
2.61487e-05
2.83413e-05
3.04419e-05
3.24344e-05
3.43078e-05
3.60587e-05
3.76842e-05
3.91839e-05
4.05604e-05
4.18209e-05
4.29789e-05
4.40561e-05
4.50778e-05
4.6101e-05
4.71899e-05
4.84492e-05
5.00088e-05
5.2035e-05
5.47349e-05
5.83593e-05
6.32053e-05
6.96202e-05
7.80077e-05
8.88369e-05
0.000102656
0.000120113
0.000141976
0.00016917
0.000202808
0.000244245
0.000295124
0.000357451
0.000433675
0.000526786
0.000640443
0.000779126
0.000948325
0.00115478
0.00140677
0.0017145
0.00209055
0.00255047
0.00311357
0.00380386
0.00465136
0.00569385
0.00697092
0.00854266
0.0104867
0.0129109
0.0243579
0.0383868
0.0526701
0.067106
0.0815848
0.0960041
0.110267
0.124278
0.137944
0.151166
0.163835
0.175787
0.186962
0.197132
0.206098
0.21365
0.219609
0.22392
0.226732
0.228371
0.229225
0.229644
0.229841
0.229932
0.229972
0.22999
0.229998
)
;
    }
    frontAndBack
    {
        type            empty;
    }
}


// ************************************************************************* //
