/*--------------------------------*- C++ -*----------------------------------*\
  =========                 |
  \\      /  F ield         | OpenFOAM: The Open Source CFD Toolbox
   \\    /   O peration     | Website:  https://openfoam.org
    \\  /    A nd           | Version:  8
     \\/     M anipulation  |
\*---------------------------------------------------------------------------*/
FoamFile
{
    version     2.0;
    format      ascii;
    class       volScalarField;
    location    "560/fluid";
    object      O2;
}
// * * * * * * * * * * * * * * * * * * * * * * * * * * * * * * * * * * * * * //

dimensions      [0 0 0 0 0 0 0];

internalField   nonuniform List<scalar> 
4000
(
4.49029e-10
1.96052e-09
4.49434e-09
8.72181e-09
1.57347e-08
2.72878e-08
4.61631e-08
7.66984e-08
1.25524e-07
2.02539e-07
3.22107e-07
5.04398e-07
7.76547e-07
1.17325e-06
1.73058e-06
2.49548e-06
3.50788e-06
4.79749e-06
6.37699e-06
8.23786e-06
1.03504e-05
1.26676e-05
1.51308e-05
1.76759e-05
2.02385e-05
2.27574e-05
2.51772e-05
2.74495e-05
2.95342e-05
3.14003e-05
3.3027e-05
3.44074e-05
3.55543e-05
3.65104e-05
3.73611e-05
3.82494e-05
3.93896e-05
4.10777e-05
4.37029e-05
4.7763e-05
5.38926e-05
6.29063e-05
7.58568e-05
9.41103e-05
0.000119448
0.000154084
0.000201201
0.000264799
0.000350148
0.000464184
0.00061602
0.000817621
0.00108467
0.00143772
0.00190365
0.00251764
0.0033257
0.00437607
0.00573572
0.00756622
0.00996304
0.0131019
0.0171515
0.0335919
0.0502711
0.0669171
0.0833201
0.0993158
0.114774
0.129587
0.143667
0.156932
0.169309
0.180669
0.191048
0.200289
0.208293
0.214962
0.220223
0.224079
0.226667
0.228248
0.229131
0.229587
0.229809
0.229914
0.229962
0.229983
0.229993
0.229997
0.229999
0.229999
0.23
0.23
0.23
0.23
0.23
0.23
0.23
0.23
4.57008e-10
1.99671e-09
4.58303e-09
8.90886e-09
1.61033e-08
2.79839e-08
4.74337e-08
7.89464e-08
1.29379e-07
2.08921e-07
3.32197e-07
5.19734e-07
7.98661e-07
1.20252e-06
1.77457e-06
2.55753e-06
3.59176e-06
4.90776e-06
6.51924e-06
8.41882e-06
1.05778e-05
1.29495e-05
1.54752e-05
1.809e-05
2.0728e-05
2.3326e-05
2.58265e-05
2.8179e-05
3.03415e-05
3.22809e-05
3.39751e-05
3.54164e-05
3.66174e-05
3.76218e-05
3.85184e-05
3.94563e-05
4.06586e-05
4.2434e-05
4.51862e-05
4.94291e-05
5.58139e-05
6.51714e-05
7.85711e-05
9.73842e-05
0.000123302
0.000158755
0.000206841
0.00027157
0.00035823
0.000473781
0.000627377
0.000831043
0.00110057
0.0014567
0.00192668
0.00254637
0.00336307
0.00442528
0.00580698
0.00767868
0.0101549
0.0134477
0.0183791
0.034999
0.051804
0.068542
0.0850141
0.101062
0.116558
0.131395
0.145484
0.158741
0.171087
0.182384
0.19267
0.201773
0.20959
0.216027
0.221025
0.224621
0.226991
0.228419
0.229212
0.229622
0.229824
0.22992
0.229964
0.229984
0.229993
0.229997
0.229999
0.229999
0.23
0.23
0.23
0.23
0.23
0.23
0.23
0.23
4.68537e-10
2.04772e-09
4.70242e-09
9.14557e-09
1.65374e-08
2.87412e-08
4.87081e-08
8.10227e-08
1.32651e-07
2.13906e-07
3.39581e-07
5.31084e-07
8.16509e-07
1.23184e-06
1.82078e-06
2.62424e-06
3.68421e-06
5.03283e-06
6.6855e-06
8.6364e-06
1.08581e-05
1.33045e-05
1.5917e-05
1.86297e-05
2.13752e-05
2.40882e-05
2.67088e-05
2.91837e-05
3.14679e-05
3.35258e-05
3.5333e-05
3.68799e-05
3.81785e-05
3.9274e-05
4.02595e-05
4.12927e-05
4.26108e-05
4.45412e-05
4.75104e-05
5.20567e-05
5.88547e-05
6.87567e-05
8.27903e-05
0.000102284
0.000129307
0.000166223
0.000215951
0.000282564
0.000371397
0.000489449
0.000645909
0.00085284
0.00112607
0.00148639
0.00196109
0.00258608
0.00340866
0.00447627
0.00586289
0.00773922
0.0102101
0.0134729
0.0207532
0.0374807
0.0543752
0.0711806
0.0876965
0.103763
0.119252
0.134054
0.148077
0.161234
0.173443
0.184577
0.194637
0.203471
0.210982
0.217093
0.221774
0.225097
0.227264
0.228561
0.22928
0.229653
0.229838
0.229926
0.229967
0.229985
0.229994
0.229997
0.229999
0.23
0.23
0.23
0.23
0.23
0.23
0.23
0.23
0.23
4.79315e-10
2.09472e-09
4.81006e-09
9.35394e-09
1.69102e-08
2.93748e-08
4.97885e-08
8.28629e-08
1.35801e-07
2.19381e-07
3.49359e-07
5.46734e-07
8.40128e-07
1.26567e-06
1.86593e-06
2.6867e-06
3.7715e-06
5.15433e-06
6.85251e-06
8.86204e-06
1.11567e-05
1.36913e-05
1.64065e-05
1.92356e-05
2.21094e-05
2.49603e-05
2.77255e-05
3.03488e-05
3.27823e-05
3.49874e-05
3.6937e-05
3.86195e-05
4.00464e-05
4.12644e-05
4.23723e-05
4.35391e-05
4.50195e-05
4.71653e-05
5.04326e-05
5.53957e-05
6.27409e-05
7.32697e-05
8.81374e-05
0.000109005
0.000137545
0.000176165
0.000227995
0.00029714
0.000388986
0.000510599
0.000671246
0.000883077
0.00116203
0.00152901
0.00201147
0.00264553
0.00347877
0.00455711
0.00595618
0.00784935
0.0103435
0.0136431
0.0237931
0.0405603
0.0574901
0.0743159
0.09083
0.106868
0.122298
0.137009
0.150905
0.163898
0.175904
0.186843
0.196627
0.205157
0.212348
0.218134
0.222508
0.225571
0.227542
0.22871
0.229355
0.229689
0.229854
0.229933
0.22997
0.229987
0.229994
0.229997
0.229999
0.23
0.23
0.23
0.23
0.23
0.23
0.23
0.23
0.23
4.90107e-10
2.14192e-09
4.9195e-09
9.5721e-09
1.73237e-08
3.01522e-08
5.11518e-08
8.51591e-08
1.39537e-07
2.25219e-07
3.57975e-07
5.59744e-07
8.59812e-07
1.29524e-06
1.90983e-06
2.75102e-06
3.86424e-06
5.28565e-06
7.03478e-06
9.10961e-06
1.14854e-05
1.41175e-05
1.69467e-05
1.99051e-05
2.29217e-05
2.59266e-05
2.88542e-05
3.16454e-05
3.42488e-05
3.66228e-05
3.87375e-05
4.0579e-05
4.21582e-05
4.35245e-05
4.47838e-05
4.61181e-05
4.78036e-05
5.02216e-05
5.38472e-05
5.92522e-05
6.71618e-05
7.856e-05
9.47715e-05
0.000117105
0.000147463
0.000188315
0.000242877
0.000315353
0.000411253
0.000537788
0.000704405
0.000923473
0.0012112
0.00158882
0.00208422
0.00273407
0.00358612
0.00468204
0.00610569
0.0080361
0.0105811
0.0139321
0.027085
0.0438361
0.060758
0.0775688
0.0940496
0.110029
0.12537
0.139961
0.153704
0.166512
0.178283
0.188979
0.198488
0.206719
0.213596
0.21907
0.223157
0.225983
0.227781
0.228838
0.229419
0.229719
0.229868
0.229939
0.229972
0.229988
0.229995
0.229998
0.229999
0.23
0.23
0.23
0.23
0.23
0.23
0.23
0.23
0.23
5.01139e-10
2.19036e-09
5.03126e-09
9.78953e-09
1.77126e-08
3.0806e-08
5.22423e-08
8.69554e-08
1.42458e-07
2.29915e-07
3.65443e-07
5.71522e-07
8.78204e-07
1.32362e-06
1.95303e-06
2.81573e-06
3.95938e-06
5.42263e-06
7.22749e-06
9.37407e-06
1.18391e-05
1.45787e-05
1.75334e-05
2.06341e-05
2.38081e-05
2.6983e-05
3.00903e-05
3.30675e-05
3.58602e-05
3.84234e-05
4.07239e-05
4.2746e-05
4.45002e-05
4.60389e-05
4.74774e-05
4.90143e-05
5.09439e-05
5.36537e-05
5.76149e-05
6.35059e-05
7.22875e-05
8.49376e-05
0.000102522
0.000126591
0.000159125
0.000202689
0.000260625
0.000337297
0.000438417
0.000571457
0.000746192
0.000975403
0.00127581
0.00166927
0.0021844
0.00285869
0.00373918
0.00486852
0.00634096
0.00832409
0.0109232
0.0143002
0.0302374
0.0469251
0.0638415
0.0806476
0.0971008
0.113021
0.12827
0.142734
0.156321
0.168944
0.18048
0.190941
0.200184
0.208132
0.214716
0.219904
0.223733
0.226348
0.227994
0.228954
0.229477
0.229748
0.229881
0.229945
0.229975
0.229989
0.229995
0.229998
0.229999
0.23
0.23
0.23
0.23
0.23
0.23
0.23
0.23
0.23
5.10995e-10
2.23332e-09
5.12951e-09
9.97969e-09
1.80548e-08
3.13988e-08
5.32481e-08
8.86379e-08
1.45241e-07
2.34472e-07
3.72828e-07
5.83358e-07
8.96946e-07
1.35289e-06
1.99804e-06
2.88371e-06
4.06004e-06
5.56836e-06
7.4334e-06
9.65761e-06
1.22195e-05
1.50758e-05
1.81669e-05
2.14227e-05
2.47686e-05
2.81296e-05
3.14343e-05
3.46168e-05
3.7619e-05
4.03925e-05
4.2901e-05
4.51264e-05
4.70789e-05
4.8815e-05
5.04609e-05
5.2213e-05
5.43682e-05
5.73787e-05
6.18682e-05
6.86543e-05
7.84383e-05
9.22537e-05
0.00011137
0.000137399
0.000172411
0.000219094
0.000280954
0.000362575
0.000469962
0.00061098
0.000795926
0.00103828
0.0013557
0.00177125
0.00231514
0.00302678
0.00395723
0.00513709
0.0067248
0.00879691
0.0114943
0.0149308
0.031931
0.0491789
0.0663923
0.0833394
0.0998343
0.115728
0.130899
0.145248
0.158687
0.171139
0.182478
0.192726
0.201719
0.209395
0.215704
0.220631
0.224229
0.22666
0.228175
0.229051
0.229527
0.229772
0.229892
0.22995
0.229977
0.22999
0.229996
0.229998
0.229999
0.23
0.23
0.23
0.23
0.23
0.23
0.23
0.23
0.23
5.20209e-10
2.27352e-09
5.22165e-09
1.01588e-08
1.83792e-08
3.19655e-08
5.42174e-08
9.02725e-08
1.47968e-07
2.38974e-07
3.80188e-07
5.95261e-07
9.15964e-07
1.38286e-06
2.04452e-06
2.95447e-06
4.16553e-06
5.72201e-06
7.65157e-06
9.95926e-06
1.26254e-05
1.56078e-05
1.88466e-05
2.22709e-05
2.58039e-05
2.93683e-05
3.28895e-05
3.6298e-05
3.95321e-05
4.25395e-05
4.52807e-05
4.77353e-05
4.99142e-05
5.18673e-05
5.37046e-05
5.56303e-05
5.80424e-05
6.15659e-05
6.68138e-05
7.44029e-05
8.523e-05
0.000100378
0.000121186
0.000149346
0.000187033
0.00023707
0.000303146
0.000390093
0.000504253
0.000653954
0.000850147
0.00110724
0.00144422
0.00188615
0.00246623
0.00322855
0.00423097
0.00551462
0.00726303
0.00957696
0.0126537
0.016689
0.0340026
0.051475
0.0688247
0.0858334
0.102329
0.118175
0.133258
0.147484
0.160774
0.173052
0.184204
0.194223
0.203004
0.210468
0.21655
0.221251
0.224651
0.226924
0.228328
0.229134
0.229569
0.229792
0.229902
0.229955
0.229979
0.229991
0.229996
0.229998
0.229999
0.23
0.23
0.23
0.23
0.23
0.23
0.23
0.23
0.23
5.29138e-10
2.31252e-09
5.31126e-09
1.03335e-08
1.86971e-08
3.25235e-08
5.51768e-08
9.18996e-08
1.50697e-07
2.43509e-07
3.87649e-07
6.07403e-07
9.35482e-07
1.41379e-06
2.09274e-06
3.02824e-06
4.27598e-06
5.88346e-06
7.88159e-06
1.02782e-05
1.30559e-05
1.61735e-05
1.95714e-05
2.31778e-05
2.69141e-05
3.07004e-05
3.44589e-05
3.81166e-05
4.16076e-05
4.48755e-05
4.78769e-05
5.05893e-05
5.29999e-05
5.51429e-05
5.71889e-05
5.94482e-05
6.2424e-05
6.65183e-05
7.23953e-05
8.0837e-05
9.27765e-05
0.000109341
0.000131925
0.000162291
0.000202707
0.000256117
0.000326368
0.000418498
0.000539121
0.000696925
0.000903339
0.00117342
0.00152703
0.00199045
0.00259854
0.00339772
0.00444181
0.00578901
0.00762989
0.0100737
0.013339
0.0186433
0.0361368
0.0537202
0.071125
0.0881414
0.104604
0.120381
0.135365
0.149464
0.162598
0.174687
0.185632
0.195422
0.204006
0.211315
0.217244
0.221772
0.225006
0.227146
0.228456
0.229203
0.229605
0.22981
0.22991
0.229959
0.229981
0.229992
0.229996
0.229998
0.229999
0.23
0.23
0.23
0.23
0.23
0.23
0.23
0.23
0.23
5.37903e-10
2.35083e-09
5.39941e-09
1.05058e-08
1.90112e-08
3.30764e-08
5.61306e-08
9.3523e-08
1.53432e-07
2.48072e-07
3.95189e-07
6.19731e-07
9.55391e-07
1.44549e-06
2.14237e-06
3.10448e-06
4.39058e-06
6.05161e-06
8.12197e-06
1.06127e-05
1.35088e-05
1.67706e-05
2.03389e-05
2.41413e-05
2.80977e-05
3.21257e-05
3.61444e-05
4.00773e-05
4.38543e-05
4.7415e-05
5.07057e-05
5.36695e-05
5.62792e-05
5.8655e-05
6.10914e-05
6.38774e-05
6.73217e-05
7.20026e-05
7.86248e-05
8.80181e-05
0.000101158
0.000119215
0.000143633
0.000176237
0.000219369
0.000276067
0.000350294
0.000447228
0.00057365
0.000738446
0.000953271
0.00123342
0.00159902
0.00207652
0.00270086
0.00351815
0.00457985
0.00594087
0.00778895
0.0102192
0.0134228
0.0207621
0.0382795
0.05587
0.0732611
0.0902421
0.106647
0.122343
0.137225
0.151203
0.164193
0.176121
0.186937
0.196612
0.205015
0.212082
0.217814
0.22221
0.225308
0.227336
0.228566
0.229262
0.229635
0.229824
0.229917
0.229962
0.229983
0.229992
0.229997
0.229999
0.229999
0.23
0.23
0.23
0.23
0.23
0.23
0.23
0.23
0.23
5.4651e-10
2.38847e-09
5.48609e-09
1.06754e-08
1.9321e-08
3.36231e-08
5.70762e-08
9.51373e-08
1.5616e-07
2.5264e-07
4.02766e-07
6.32165e-07
9.75548e-07
1.4777e-06
2.193e-06
3.18253e-06
4.50831e-06
6.22494e-06
8.37063e-06
1.09599e-05
1.39806e-05
1.7395e-05
2.11448e-05
2.51572e-05
2.9351e-05
3.36415e-05
3.7945e-05
4.21811e-05
4.6276e-05
5.01539e-05
5.37319e-05
5.69757e-05
5.99479e-05
6.28388e-05
6.57182e-05
6.89097e-05
7.28682e-05
7.82051e-05
8.56608e-05
9.60998e-05
0.000110532
0.000130165
0.000156486
0.000191372
0.000237227
0.000297164
0.00037523
0.000476702
0.000608464
0.00077951
0.0010016
0.0012901
0.00166516
0.00215319
0.00278889
0.00361791
0.00468954
0.00605816
0.00791049
0.0103389
0.0135325
0.0227657
0.0402788
0.0578474
0.0751998
0.0921244
0.108456
0.124061
0.138837
0.152697
0.165564
0.177399
0.188138
0.197672
0.20593
0.212853
0.218403
0.222597
0.225574
0.2275
0.22866
0.229313
0.22966
0.229837
0.229923
0.229965
0.229984
0.229993
0.229997
0.229999
0.229999
0.23
0.23
0.23
0.23
0.23
0.23
0.23
0.23
0.23
5.54894e-10
2.42515e-09
5.57059e-09
1.08409e-08
1.96239e-08
3.41585e-08
5.80043e-08
9.67256e-08
1.58852e-07
2.57161e-07
4.10288e-07
6.44548e-07
9.9569e-07
1.51e-06
2.24394e-06
3.26134e-06
4.62761e-06
6.40125e-06
8.62453e-06
1.13159e-05
1.44664e-05
1.80409e-05
2.19823e-05
2.62183e-05
3.0667e-05
3.5242e-05
3.98567e-05
4.4427e-05
4.88615e-05
5.30515e-05
5.6946e-05
6.06427e-05
6.41603e-05
6.74858e-05
7.08343e-05
7.45558e-05
7.91443e-05
8.52523e-05
9.36577e-05
0.000105258
0.000121094
0.000142408
0.000170729
0.000207981
0.000256625
0.00031984
0.000401746
0.000507699
0.000644666
0.000821719
0.00105068
0.00134699
0.00173077
0.00222839
0.00287434
0.0037135
0.00479396
0.00617229
0.00803381
0.0104667
0.0136581
0.024549
0.0420529
0.0595936
0.0768989
0.0937527
0.109997
0.125524
0.140227
0.154021
0.166834
0.178575
0.189183
0.198582
0.206701
0.213481
0.218891
0.222956
0.225799
0.22764
0.228738
0.229354
0.229682
0.229847
0.229928
0.229967
0.229985
0.229993
0.229997
0.229999
0.229999
0.23
0.23
0.23
0.23
0.23
0.23
0.23
0.23
0.23
5.62942e-10
2.46036e-09
5.65179e-09
1.10001e-08
1.99155e-08
3.46749e-08
5.89011e-08
9.82638e-08
1.61465e-07
2.61562e-07
4.17631e-07
6.56676e-07
1.01548e-06
1.54184e-06
2.29432e-06
3.33957e-06
4.74648e-06
6.57761e-06
8.87958e-06
1.16751e-05
1.4959e-05
1.86991e-05
2.28407e-05
2.73124e-05
3.20326e-05
3.69144e-05
4.18701e-05
4.68053e-05
5.1604e-05
5.62128e-05
6.0685e-05
6.4892e-05
6.88542e-05
7.26706e-05
7.65724e-05
8.09342e-05
8.62771e-05
9.32884e-05
0.000102778
0.000115671
0.000133041
0.000156164
0.000186608
0.000226346
0.000277897
0.000344503
0.000430353
0.000540879
0.000683125
0.00086624
0.00110212
0.00140624
0.00179879
0.00230601
0.00296187
0.00381186
0.00490352
0.00629216
0.00816243
0.0106008
0.0137864
0.0260782
0.0435845
0.061105
0.0783657
0.0951843
0.111402
0.126879
0.141515
0.155226
0.167934
0.179569
0.190066
0.199348
0.207345
0.214
0.219285
0.223233
0.225974
0.227745
0.228801
0.229388
0.229699
0.229855
0.229932
0.229969
0.229986
0.229994
0.229997
0.229999
0.229999
0.23
0.23
0.23
0.23
0.23
0.23
0.23
0.23
0.23
5.70511e-10
2.49348e-09
5.7282e-09
1.115e-08
2.01905e-08
3.51625e-08
5.97496e-08
9.97222e-08
1.63948e-07
2.65754e-07
4.24646e-07
6.68295e-07
1.0345e-06
1.57254e-06
2.34307e-06
3.41555e-06
4.8624e-06
6.75034e-06
9.13053e-06
1.20303e-05
1.54487e-05
1.93572e-05
2.3704e-05
2.84197e-05
3.34238e-05
3.86296e-05
4.39461e-05
4.92598e-05
5.45e-05
5.96833e-05
6.46662e-05
6.94133e-05
7.39437e-05
7.83743e-05
8.29642e-05
8.81125e-05
9.43619e-05
0.00010243
0.000113155
0.000127488
0.000146533
0.000171602
0.000204307
0.000246671
0.000301271
0.00037141
0.00046135
0.000576591
0.000724251
0.000913549
0.00115644
0.00146843
0.00186953
0.0023859
0.00305222
0.00391409
0.00501581
0.00641469
0.00829464
0.01074
0.0139151
0.0273721
0.0448901
0.0623978
0.0796496
0.0964357
0.1126
0.128018
0.142588
0.156224
0.168851
0.180399
0.190804
0.199988
0.207883
0.214435
0.219617
0.223471
0.226134
0.227835
0.22885
0.229415
0.229713
0.229862
0.229935
0.22997
0.229986
0.229994
0.229997
0.229999
0.23
0.23
0.23
0.23
0.23
0.23
0.23
0.23
0.23
0.23
5.77438e-10
2.52381e-09
5.79819e-09
1.12875e-08
2.04429e-08
3.56106e-08
6.05305e-08
1.01067e-07
1.66243e-07
2.69638e-07
4.31162e-07
6.79118e-07
1.05227e-06
1.60131e-06
2.38894e-06
3.48731e-06
4.97233e-06
6.91488e-06
9.37075e-06
1.23721e-05
1.59226e-05
1.99982e-05
2.45507e-05
2.95139e-05
3.48098e-05
4.03531e-05
4.60435e-05
5.17872e-05
5.75823e-05
6.32886e-05
6.8842e-05
7.42072e-05
7.94091e-05
8.45824e-05
9.0013e-05
9.61151e-05
0.000103441
0.000112732
0.000124848
0.000140769
0.000161629
0.000188781
0.000223883
0.000269011
0.0003268
0.000400617
0.000494789
0.000614883
0.000768084
0.00096364
0.00121345
0.00153287
0.00194214
0.00246806
0.00314479
0.00401641
0.00512655
0.00653323
0.00841977
0.0108695
0.0140381
0.0284505
0.0459872
0.0634939
0.0807216
0.0974732
0.113594
0.128961
0.143474
0.157048
0.169607
0.181083
0.191412
0.200516
0.208327
0.214792
0.219889
0.223665
0.226263
0.227915
0.228892
0.229436
0.229724
0.229868
0.229938
0.229971
0.229987
0.229994
0.229997
0.229999
0.23
0.23
0.23
0.23
0.23
0.23
0.23
0.23
0.23
0.23
5.83553e-10
2.55057e-09
5.85999e-09
1.14089e-08
2.06661e-08
3.60074e-08
6.12232e-08
1.02262e-07
1.68287e-07
2.73105e-07
4.36991e-07
6.88827e-07
1.06826e-06
1.62729e-06
2.43049e-06
3.55257e-06
5.07272e-06
7.06582e-06
9.59222e-06
1.26889e-05
1.63646e-05
2.05998e-05
2.53511e-05
3.05568e-05
3.61433e-05
4.20296e-05
4.81176e-05
5.43544e-05
6.06464e-05
6.69149e-05
7.30964e-05
7.91591e-05
8.51384e-05
9.1191e-05
9.76281e-05
0.000104862
0.000113436
0.000124109
0.000137762
0.000155402
0.000178198
0.000207548
0.000245159
0.000293165
0.000354259
0.000431874
0.0005304
0.000655436
0.000814156
0.00101576
0.00127228
0.00159966
0.00201792
0.00255263
0.00323754
0.00411641
0.00523123
0.00663801
0.00851635
0.0109422
0.0140494
0.0293203
0.0468722
0.0643799
0.0815918
0.0983162
0.114402
0.129727
0.144192
0.157715
0.170219
0.181636
0.191904
0.200942
0.208684
0.215079
0.220108
0.22382
0.226365
0.227978
0.228929
0.229456
0.229733
0.229872
0.22994
0.229972
0.229987
0.229994
0.229998
0.229999
0.23
0.23
0.23
0.23
0.23
0.23
0.23
0.23
0.23
0.23
5.88684e-10
2.57304e-09
5.91188e-09
1.1511e-08
2.08538e-08
3.63415e-08
6.18071e-08
1.03271e-07
1.70016e-07
2.76043e-07
4.41945e-07
6.97098e-07
1.08191e-06
1.64955e-06
2.46621e-06
3.60888e-06
5.15969e-06
7.19717e-06
9.78585e-06
1.29673e-05
1.6755e-05
2.11341e-05
2.60657e-05
3.14921e-05
3.73435e-05
4.35403e-05
5.00129e-05
5.67102e-05
6.35209e-05
7.03773e-05
7.72256e-05
8.40461e-05
9.08926e-05
9.79507e-05
0.000105552
0.000114079
0.000124047
0.000136227
0.000151518
0.000170959
0.00019576
0.000227367
0.000267544
0.000318477
0.000382917
0.000464342
0.000567167
0.000697037
0.000861253
0.00106944
0.00133363
0.00166901
0.00209557
0.00263904
0.00333278
0.00422008
0.00534161
0.00675328
0.00863366
0.0110572
0.0141513
0.0299949
0.0475733
0.065082
0.0822812
0.098983
0.115039
0.13033
0.144757
0.158238
0.170698
0.182069
0.192288
0.201274
0.208962
0.215302
0.220277
0.223939
0.226443
0.228026
0.228956
0.22947
0.22974
0.229876
0.229942
0.229973
0.229988
0.229995
0.229998
0.229999
0.23
0.23
0.23
0.23
0.23
0.23
0.23
0.23
0.23
0.23
5.92678e-10
2.59053e-09
5.95229e-09
1.15904e-08
2.10001e-08
3.66022e-08
6.22633e-08
1.04061e-07
1.7137e-07
2.78349e-07
4.4584e-07
7.03618e-07
1.09271e-06
1.66719e-06
2.49461e-06
3.6538e-06
5.22936e-06
7.30285e-06
9.94244e-06
1.31937e-05
1.70746e-05
2.1575e-05
2.66607e-05
3.22794e-05
3.83664e-05
4.48518e-05
5.16787e-05
5.87633e-05
6.60373e-05
7.34409e-05
8.09323e-05
8.85088e-05
9.62514e-05
0.000104382
0.000113244
0.000123161
0.000134595
0.000148322
0.000165262
0.000186484
0.000213242
0.000247028
0.00028966
0.000343386
0.000411009
0.000496081
0.000603129
0.000738046
0.000908186
0.00112278
0.00139389
0.00173693
0.00217175
0.00272392
0.00342647
0.00432217
0.00545032
0.0068664
0.0087472
0.0111641
0.0142354
0.0304927
0.0480964
0.06561
0.0828007
0.0994852
0.115518
0.130782
0.145179
0.158628
0.171054
0.18239
0.192571
0.201519
0.209167
0.215466
0.2204
0.224026
0.226499
0.22806
0.228976
0.229481
0.229746
0.229878
0.229943
0.229974
0.229988
0.229995
0.229998
0.229999
0.23
0.23
0.23
0.23
0.23
0.23
0.23
0.23
0.23
0.23
5.95402e-10
2.60246e-09
5.97985e-09
1.16447e-08
2.10999e-08
3.67801e-08
6.25748e-08
1.046e-07
1.72296e-07
2.79928e-07
4.48509e-07
7.08091e-07
1.10013e-06
1.67934e-06
2.51422e-06
3.6849e-06
5.27774e-06
7.37649e-06
1.0052e-05
1.33528e-05
1.73001e-05
2.18876e-05
2.7085e-05
3.28445e-05
3.91074e-05
4.58113e-05
5.28934e-05
6.02844e-05
6.7926e-05
7.57707e-05
8.37923e-05
9.20102e-05
0.000100538
0.000109636
0.000119637
0.00013091
0.000143744
0.000158896
0.000177312
0.000200101
0.000228563
0.000264248
0.000309033
0.000365234
0.000435749
0.000524221
0.000635252
0.000774583
0.000949627
0.00116981
0.00144718
0.00179715
0.00223948
0.00279957
0.00351011
0.00441328
0.0055471
0.00696613
0.00884495
0.0112512
0.0142953
0.0308217
0.0484512
0.0659716
0.083157
0.0998287
0.115844
0.131088
0.145464
0.15889
0.171292
0.182603
0.19276
0.201681
0.209302
0.215573
0.220481
0.224083
0.226536
0.228082
0.228988
0.229487
0.229749
0.22988
0.229944
0.229974
0.229988
0.229995
0.229998
0.229999
0.23
0.23
0.23
0.23
0.23
0.23
0.23
0.23
0.23
0.23
5.96766e-10
2.60842e-09
5.9936e-09
1.16716e-08
2.11494e-08
3.68681e-08
6.27283e-08
1.04865e-07
1.7275e-07
2.80701e-07
4.49815e-07
7.10278e-07
1.10375e-06
1.68529e-06
2.52382e-06
3.70017e-06
5.30156e-06
7.4129e-06
1.01064e-05
1.34323e-05
1.74136e-05
2.2046e-05
2.73016e-05
3.31352e-05
3.94906e-05
4.63067e-05
5.35216e-05
6.10757e-05
6.89168e-05
7.70049e-05
8.5324e-05
9.39081e-05
0.000102889
0.000112531
0.000123232
0.000135421
0.000149473
0.000165713
0.000185177
0.00020904
0.000238655
0.000275619
0.000321856
0.000379724
0.000452154
0.000542818
0.000656344
0.000798586
0.000976985
0.00120101
0.00148274
0.00183759
0.00228529
0.00285113
0.00356756
0.00447636
0.00561455
0.00703574
0.00891243
0.0113084
0.0143267
0.0309845
0.0486368
0.0661634
0.0833457
0.100009
0.116014
0.131246
0.145609
0.159022
0.171411
0.182709
0.192852
0.20176
0.209367
0.215625
0.220519
0.224109
0.226553
0.228092
0.228994
0.229491
0.229751
0.229881
0.229944
0.229974
0.229988
0.229995
0.229998
0.229999
0.23
0.23
0.23
0.23
0.23
0.23
0.23
0.23
0.23
0.23
5.96769e-10
2.60844e-09
5.99364e-09
1.16717e-08
2.11496e-08
3.68684e-08
6.27288e-08
1.04866e-07
1.72752e-07
2.80703e-07
4.49819e-07
7.10286e-07
1.10376e-06
1.68531e-06
2.52386e-06
3.70023e-06
5.30164e-06
7.41303e-06
1.01066e-05
1.34325e-05
1.7414e-05
2.20466e-05
2.73024e-05
3.31362e-05
3.94918e-05
4.63079e-05
5.35225e-05
6.10763e-05
6.8917e-05
7.70049e-05
8.53239e-05
9.3908e-05
0.000102889
0.000112531
0.000123231
0.000135421
0.000149474
0.000165713
0.000185177
0.00020904
0.000238655
0.000275619
0.000321856
0.000379725
0.000452155
0.00054282
0.000656347
0.00079859
0.000976989
0.00120102
0.00148274
0.0018376
0.0022853
0.00285114
0.00356757
0.00447638
0.00561457
0.00703576
0.00891246
0.0113084
0.0143267
0.0309847
0.0486371
0.0661636
0.0833459
0.100009
0.116014
0.131246
0.145609
0.159022
0.171412
0.182709
0.192852
0.20176
0.209367
0.215625
0.220519
0.224109
0.226553
0.228092
0.228994
0.229491
0.229751
0.229881
0.229944
0.229974
0.229988
0.229995
0.229998
0.229999
0.23
0.23
0.23
0.23
0.23
0.23
0.23
0.23
0.23
0.23
5.95412e-10
2.6025e-09
5.97996e-09
1.16449e-08
2.11003e-08
3.67809e-08
6.25761e-08
1.04602e-07
1.723e-07
2.79935e-07
4.48521e-07
7.08112e-07
1.10016e-06
1.6794e-06
2.51431e-06
3.68504e-06
5.27795e-06
7.37681e-06
1.00524e-05
1.33535e-05
1.73012e-05
2.18893e-05
2.70875e-05
3.28483e-05
3.91128e-05
4.58172e-05
5.28965e-05
6.02856e-05
6.79261e-05
7.57702e-05
8.37915e-05
9.20094e-05
0.000100537
0.000109635
0.000119636
0.00013091
0.000143744
0.000158896
0.000177312
0.000200101
0.000228563
0.000264248
0.000309033
0.000365235
0.000435753
0.000524227
0.000635259
0.000774592
0.000949639
0.00116983
0.0014472
0.00179717
0.00223951
0.00279961
0.00351015
0.00441333
0.00554717
0.0069662
0.00884505
0.0112513
0.0142954
0.0308224
0.048452
0.0659723
0.0831576
0.0998293
0.115845
0.131088
0.145464
0.15889
0.171293
0.182604
0.19276
0.201681
0.209302
0.215573
0.220481
0.224083
0.226536
0.228082
0.228988
0.229487
0.229749
0.22988
0.229944
0.229974
0.229988
0.229995
0.229998
0.229999
0.23
0.23
0.23
0.23
0.23
0.23
0.23
0.23
0.23
0.23
5.92691e-10
2.59059e-09
5.95242e-09
1.15907e-08
2.10005e-08
3.6603e-08
6.22647e-08
1.04063e-07
1.71374e-07
2.78355e-07
4.4585e-07
7.03633e-07
1.09273e-06
1.66723e-06
2.49466e-06
3.65387e-06
5.22943e-06
7.30293e-06
9.9425e-06
1.31937e-05
1.70745e-05
2.15747e-05
2.66601e-05
3.22783e-05
3.83648e-05
4.4849e-05
5.16783e-05
5.87645e-05
6.60394e-05
7.34436e-05
8.09353e-05
8.85121e-05
9.62548e-05
0.000104386
0.000113248
0.000123165
0.0001346
0.000148328
0.000165268
0.000186491
0.000213249
0.000247035
0.000289668
0.000343394
0.000411017
0.00049609
0.000603142
0.000738061
0.000908206
0.00112281
0.00139392
0.00173697
0.0021718
0.00272398
0.00342654
0.00432226
0.00545042
0.00686652
0.00874735
0.0111642
0.0142356
0.030494
0.0480976
0.0656112
0.0828017
0.0994861
0.115519
0.130782
0.14518
0.158629
0.171055
0.18239
0.192572
0.20152
0.209167
0.215466
0.2204
0.224026
0.226499
0.22806
0.228976
0.229481
0.229746
0.229878
0.229943
0.229974
0.229988
0.229995
0.229998
0.229999
0.23
0.23
0.23
0.23
0.23
0.23
0.23
0.23
0.23
0.23
5.88701e-10
2.57312e-09
5.91205e-09
1.15113e-08
2.08544e-08
3.63425e-08
6.18088e-08
1.03274e-07
1.7002e-07
2.7605e-07
4.41956e-07
6.97116e-07
1.08194e-06
1.64959e-06
2.46626e-06
3.60894e-06
5.15977e-06
7.19726e-06
9.78595e-06
1.29674e-05
1.67552e-05
2.11345e-05
2.60664e-05
3.14937e-05
3.73465e-05
4.35473e-05
5.00178e-05
5.67141e-05
6.35242e-05
7.03803e-05
7.72286e-05
8.40491e-05
9.08958e-05
9.7954e-05
0.000105556
0.000114083
0.000124052
0.000136232
0.000151524
0.000170966
0.000195768
0.000227376
0.000267554
0.000318489
0.000382931
0.000464356
0.000567182
0.000697054
0.000861276
0.00106947
0.00133367
0.00166906
0.00209562
0.00263911
0.00333286
0.00422019
0.00534174
0.00675343
0.00863386
0.0110575
0.0141516
0.0299968
0.047575
0.0650836
0.0822827
0.0989844
0.11504
0.130331
0.144758
0.158239
0.170699
0.18207
0.192288
0.201275
0.208963
0.215303
0.220277
0.223939
0.226443
0.228026
0.228956
0.22947
0.22974
0.229876
0.229942
0.229973
0.229988
0.229995
0.229998
0.229999
0.23
0.23
0.23
0.23
0.23
0.23
0.23
0.23
0.23
0.23
5.83573e-10
2.55066e-09
5.86019e-09
1.14093e-08
2.06668e-08
3.60086e-08
6.12252e-08
1.02265e-07
1.68292e-07
2.73113e-07
4.37004e-07
6.88847e-07
1.06828e-06
1.62733e-06
2.43055e-06
3.55264e-06
5.07282e-06
7.06595e-06
9.59238e-06
1.26891e-05
1.63648e-05
2.06002e-05
2.53515e-05
3.0557e-05
3.61428e-05
4.20283e-05
4.81186e-05
5.43564e-05
6.06488e-05
6.69175e-05
7.30991e-05
7.91618e-05
8.51411e-05
9.11938e-05
9.76311e-05
0.000104865
0.000113439
0.000124113
0.000137767
0.000155407
0.000178205
0.000207556
0.000245169
0.000293176
0.000354272
0.00043189
0.000530419
0.000655459
0.000814182
0.00101579
0.00127232
0.0015997
0.00201798
0.00255271
0.00323764
0.00411653
0.00523138
0.00663819
0.00851658
0.0109425
0.0140497
0.0293227
0.0468745
0.064382
0.0815938
0.098318
0.114403
0.129728
0.144194
0.157716
0.17022
0.181637
0.191904
0.200942
0.208684
0.215079
0.220108
0.22382
0.226365
0.227978
0.228929
0.229456
0.229733
0.229872
0.22994
0.229972
0.229987
0.229994
0.229998
0.229999
0.23
0.23
0.23
0.23
0.23
0.23
0.23
0.23
0.23
0.23
5.77462e-10
2.52391e-09
5.79842e-09
1.12879e-08
2.04437e-08
3.5612e-08
6.05328e-08
1.01071e-07
1.6625e-07
2.69648e-07
4.31177e-07
6.7914e-07
1.0523e-06
1.60136e-06
2.389e-06
3.4874e-06
4.97244e-06
6.91502e-06
9.37093e-06
1.23723e-05
1.59229e-05
1.99986e-05
2.45511e-05
2.95145e-05
3.48105e-05
4.03544e-05
4.60476e-05
5.17909e-05
5.75858e-05
6.32918e-05
6.8845e-05
7.42099e-05
7.94116e-05
8.45849e-05
9.00155e-05
9.61177e-05
0.000103444
0.000112735
0.000124852
0.000140773
0.000161635
0.000188788
0.000223891
0.000269021
0.000326812
0.000400633
0.000494808
0.000614906
0.000768113
0.000963675
0.00121349
0.00153292
0.0019422
0.00246814
0.0031449
0.00401654
0.00512671
0.00653343
0.00842003
0.0108698
0.0140384
0.0284536
0.0459901
0.0634966
0.0807241
0.0974754
0.113596
0.128963
0.143476
0.157049
0.169609
0.181084
0.191413
0.200517
0.208327
0.214792
0.21989
0.223665
0.226263
0.227915
0.228892
0.229436
0.229724
0.229868
0.229938
0.229971
0.229987
0.229994
0.229997
0.229999
0.23
0.23
0.23
0.23
0.23
0.23
0.23
0.23
0.23
0.23
5.70538e-10
2.4936e-09
5.72848e-09
1.11506e-08
2.01915e-08
3.51642e-08
5.97523e-08
9.97267e-08
1.63956e-07
2.65766e-07
4.24663e-07
6.68321e-07
1.03453e-06
1.57259e-06
2.34315e-06
3.41565e-06
4.86252e-06
6.75049e-06
9.13071e-06
1.20305e-05
1.54489e-05
1.93575e-05
2.37043e-05
2.842e-05
3.3424e-05
3.86297e-05
4.39472e-05
4.92641e-05
5.45037e-05
5.96866e-05
6.46691e-05
6.94159e-05
7.3946e-05
7.83765e-05
8.29663e-05
8.81146e-05
9.43642e-05
0.000102433
0.000113158
0.000127492
0.000146538
0.000171608
0.000204314
0.00024668
0.000301282
0.000371425
0.000461367
0.000576613
0.000724278
0.000913583
0.00115649
0.00146849
0.0018696
0.00238598
0.00305233
0.00391422
0.00501598
0.0064149
0.00829491
0.0107404
0.0139154
0.0273758
0.0448936
0.0624011
0.0796526
0.0964385
0.112603
0.128021
0.14259
0.156226
0.168853
0.1804
0.190805
0.199989
0.207884
0.214435
0.219618
0.223471
0.226134
0.227835
0.22885
0.229415
0.229713
0.229862
0.229935
0.22997
0.229986
0.229994
0.229997
0.229999
0.23
0.23
0.23
0.23
0.23
0.23
0.23
0.23
0.23
0.23
5.62973e-10
2.4605e-09
5.6521e-09
1.10007e-08
1.99166e-08
3.46767e-08
5.89042e-08
9.8269e-08
1.61473e-07
2.61575e-07
4.17651e-07
6.56705e-07
1.01552e-06
1.5419e-06
2.2944e-06
3.33967e-06
4.74661e-06
6.57776e-06
8.87974e-06
1.16752e-05
1.49591e-05
1.86992e-05
2.28407e-05
2.73122e-05
3.20322e-05
3.69139e-05
4.18692e-05
4.68052e-05
5.1607e-05
5.62154e-05
6.06874e-05
6.48941e-05
6.88561e-05
7.26722e-05
7.65739e-05
8.09357e-05
8.62787e-05
9.32903e-05
0.00010278
0.000115674
0.000133045
0.000156169
0.000186614
0.000226355
0.000277908
0.000344516
0.00043037
0.0005409
0.000683151
0.000866273
0.00110216
0.0014063
0.00179886
0.00230609
0.00296198
0.00381199
0.00490368
0.00629236
0.00816269
0.0106011
0.0137867
0.0260826
0.0435887
0.0611089
0.0783693
0.0951876
0.111405
0.126882
0.141518
0.155228
0.167936
0.179571
0.190068
0.199349
0.207346
0.214001
0.219285
0.223233
0.225974
0.227745
0.228801
0.229388
0.229699
0.229855
0.229932
0.229969
0.229986
0.229994
0.229997
0.229999
0.229999
0.23
0.23
0.23
0.23
0.23
0.23
0.23
0.23
0.23
5.54929e-10
2.4253e-09
5.57095e-09
1.08416e-08
1.96251e-08
3.41606e-08
5.80079e-08
9.67315e-08
1.58861e-07
2.57176e-07
4.10311e-07
6.44583e-07
9.9574e-07
1.51007e-06
2.24403e-06
3.26146e-06
4.62775e-06
6.40141e-06
8.62469e-06
1.1316e-05
1.44665e-05
1.80408e-05
2.19821e-05
2.62179e-05
3.06662e-05
3.52408e-05
3.98551e-05
4.4425e-05
4.88602e-05
5.30528e-05
5.69472e-05
6.0644e-05
6.41615e-05
6.7487e-05
7.08354e-05
7.45571e-05
7.91457e-05
8.52541e-05
9.36599e-05
0.00010526
0.000121097
0.000142413
0.000170735
0.000207989
0.000256635
0.000319853
0.000401763
0.00050772
0.000644693
0.000821753
0.00105073
0.00134704
0.00173084
0.00222847
0.00287444
0.00371363
0.00479412
0.00617248
0.00803405
0.010467
0.0136585
0.0245542
0.0420578
0.0595982
0.0769032
0.0937566
0.110001
0.125527
0.14023
0.154023
0.166836
0.178577
0.189185
0.198584
0.206702
0.213482
0.218891
0.222956
0.225799
0.22764
0.228738
0.229354
0.229682
0.229847
0.229928
0.229967
0.229985
0.229993
0.229997
0.229999
0.229999
0.23
0.23
0.23
0.23
0.23
0.23
0.23
0.23
0.23
5.4655e-10
2.38864e-09
5.48648e-09
1.06761e-08
1.93224e-08
3.36255e-08
5.70803e-08
9.5144e-08
1.56171e-07
2.52658e-07
4.02793e-07
6.32205e-07
9.75607e-07
1.47778e-06
2.19311e-06
3.18268e-06
4.50848e-06
6.22514e-06
8.37084e-06
1.09601e-05
1.39807e-05
1.7395e-05
2.11447e-05
2.51568e-05
2.93503e-05
3.36405e-05
3.79436e-05
4.21795e-05
4.62743e-05
5.01531e-05
5.37332e-05
5.69773e-05
5.99498e-05
6.28404e-05
6.57192e-05
6.89102e-05
7.28686e-05
7.82058e-05
8.5662e-05
9.61019e-05
0.000110535
0.00013017
0.000156493
0.00019138
0.000237237
0.000297177
0.000375247
0.000476724
0.000608492
0.000779545
0.00100164
0.00129015
0.00166523
0.00215327
0.00278899
0.00361803
0.00468968
0.00605834
0.00791071
0.0103392
0.0135328
0.0227717
0.0402844
0.0578527
0.0752047
0.0921289
0.10846
0.124064
0.13884
0.152699
0.165566
0.177401
0.18814
0.197674
0.205931
0.212854
0.218404
0.222597
0.225575
0.2275
0.22866
0.229313
0.22966
0.229837
0.229923
0.229965
0.229984
0.229993
0.229997
0.229999
0.229999
0.23
0.23
0.23
0.23
0.23
0.23
0.23
0.23
0.23
5.37946e-10
2.35102e-09
5.39984e-09
1.05066e-08
1.90127e-08
3.30791e-08
5.61351e-08
9.35304e-08
1.53444e-07
2.48091e-07
3.95219e-07
6.19776e-07
9.55458e-07
1.44558e-06
2.1425e-06
3.10465e-06
4.39079e-06
6.05186e-06
8.12225e-06
1.0613e-05
1.3509e-05
1.67707e-05
2.0339e-05
2.41412e-05
2.80973e-05
3.21251e-05
3.61435e-05
4.0076e-05
4.38529e-05
4.74133e-05
5.07047e-05
5.36701e-05
5.62806e-05
5.86558e-05
6.10923e-05
6.38784e-05
6.73228e-05
7.20039e-05
7.86265e-05
8.80206e-05
0.000101161
0.00011922
0.00014364
0.000176246
0.000219381
0.000276084
0.000350316
0.000447256
0.000573688
0.000738495
0.000953333
0.0012335
0.00159912
0.00207665
0.00270102
0.00351834
0.00458007
0.0059411
0.00778917
0.0102193
0.0134228
0.0207687
0.0382858
0.0558758
0.0732665
0.0902471
0.106651
0.122348
0.137229
0.151206
0.164196
0.176124
0.18694
0.196614
0.205017
0.212083
0.217815
0.222211
0.225308
0.227336
0.228566
0.229262
0.229635
0.229824
0.229917
0.229962
0.229983
0.229992
0.229997
0.229999
0.229999
0.23
0.23
0.23
0.23
0.23
0.23
0.23
0.23
0.23
5.29186e-10
2.31273e-09
5.31174e-09
1.03345e-08
1.86988e-08
3.25265e-08
5.51818e-08
9.19078e-08
1.50711e-07
2.4353e-07
3.87682e-07
6.07454e-07
9.35557e-07
1.4139e-06
2.09289e-06
3.02843e-06
4.27622e-06
5.88376e-06
7.88192e-06
1.02786e-05
1.30562e-05
1.61738e-05
1.95716e-05
2.31777e-05
2.69138e-05
3.06999e-05
3.4458e-05
3.81153e-05
4.1606e-05
4.48736e-05
4.78746e-05
5.05868e-05
5.29977e-05
5.51423e-05
5.7189e-05
5.9449e-05
6.24252e-05
6.65198e-05
7.23972e-05
8.08397e-05
9.27803e-05
0.000109346
0.000131932
0.000162302
0.000202722
0.000256137
0.000326394
0.000418534
0.000539168
0.000696987
0.00090342
0.00117352
0.00152716
0.00199061
0.00259874
0.00339797
0.00444208
0.00578929
0.00763011
0.0100737
0.0133385
0.0186496
0.036143
0.0537263
0.0711309
0.088147
0.104609
0.120386
0.135369
0.149468
0.162602
0.17469
0.185634
0.195424
0.204008
0.211317
0.217245
0.221773
0.225006
0.227147
0.228457
0.229203
0.229605
0.22981
0.22991
0.229959
0.229981
0.229992
0.229996
0.229998
0.229999
0.23
0.23
0.23
0.23
0.23
0.23
0.23
0.23
0.23
5.20262e-10
2.27375e-09
5.22218e-09
1.01598e-08
1.83811e-08
3.19687e-08
5.42228e-08
9.02815e-08
1.47982e-07
2.38997e-07
3.80224e-07
5.95317e-07
9.16047e-07
1.38298e-06
2.04468e-06
2.95469e-06
4.16581e-06
5.72235e-06
7.65195e-06
9.95967e-06
1.26258e-05
1.56081e-05
1.88469e-05
2.2271e-05
2.58039e-05
2.93682e-05
3.28892e-05
3.62976e-05
3.95316e-05
4.2539e-05
4.52802e-05
4.77349e-05
4.99137e-05
5.1867e-05
5.37048e-05
5.56305e-05
5.80419e-05
6.15658e-05
6.68144e-05
7.44047e-05
8.52333e-05
0.000100384
0.000121194
0.000149358
0.000187049
0.000237092
0.000303176
0.000390134
0.000504308
0.000654029
0.000850248
0.00110737
0.0014444
0.00188639
0.00246656
0.003229
0.00423158
0.00551549
0.00726434
0.00957902
0.0126571
0.0166946
0.0340087
0.0514814
0.0688311
0.0858396
0.102335
0.11818
0.133263
0.147489
0.160778
0.173056
0.184207
0.194225
0.203006
0.210469
0.216551
0.221252
0.224651
0.226924
0.228328
0.229134
0.229569
0.229792
0.229902
0.229955
0.229979
0.229991
0.229996
0.229998
0.229999
0.23
0.23
0.23
0.23
0.23
0.23
0.23
0.23
0.23
5.11056e-10
2.23358e-09
5.13011e-09
9.98085e-09
1.80569e-08
3.14024e-08
5.32541e-08
8.86478e-08
1.45257e-07
2.34497e-07
3.72867e-07
5.83418e-07
8.97035e-07
1.35302e-06
1.99822e-06
2.88395e-06
4.06035e-06
5.56873e-06
7.43382e-06
9.65807e-06
1.22199e-05
1.50762e-05
1.81672e-05
2.14229e-05
2.47686e-05
2.81293e-05
3.14337e-05
3.46159e-05
3.76177e-05
4.03908e-05
4.28989e-05
4.5124e-05
4.70766e-05
4.88127e-05
5.0459e-05
5.22118e-05
5.43684e-05
5.73796e-05
6.187e-05
6.86571e-05
7.84423e-05
9.22597e-05
0.000111379
0.000137411
0.000172428
0.000219117
0.000280985
0.000362618
0.000470022
0.000611063
0.00079604
0.00103844
0.00135591
0.00177156
0.00231556
0.00302738
0.00395807
0.00513826
0.00672646
0.00879929
0.0114978
0.0149356
0.0319373
0.0491859
0.0663995
0.0833465
0.099841
0.115734
0.130905
0.145253
0.158692
0.171144
0.182482
0.19273
0.201722
0.209397
0.215706
0.220633
0.22423
0.22666
0.228175
0.229051
0.229527
0.229772
0.229892
0.22995
0.229977
0.22999
0.229996
0.229998
0.229999
0.23
0.23
0.23
0.23
0.23
0.23
0.23
0.23
0.23
5.0121e-10
2.19067e-09
5.03197e-09
9.7909e-09
1.77151e-08
3.08101e-08
5.22491e-08
8.69664e-08
1.42476e-07
2.29943e-07
3.65486e-07
5.71587e-07
8.78301e-07
1.32376e-06
1.95323e-06
2.81599e-06
3.95972e-06
5.42304e-06
7.22796e-06
9.37458e-06
1.18397e-05
1.45792e-05
1.75338e-05
2.06344e-05
2.38082e-05
2.69828e-05
3.00899e-05
3.30668e-05
3.58592e-05
3.8422e-05
4.07222e-05
4.2744e-05
4.44979e-05
4.60366e-05
4.74752e-05
4.90124e-05
5.09428e-05
5.3654e-05
5.76164e-05
6.35081e-05
7.2291e-05
8.49428e-05
0.00010253
0.000126601
0.00015914
0.000202709
0.000260652
0.000337334
0.000438468
0.000571526
0.000746285
0.00097553
0.00127598
0.0016695
0.00218472
0.00285914
0.0037398
0.00486933
0.00634206
0.00832555
0.010925
0.014302
0.0302479
0.0469348
0.0638507
0.0806562
0.0971088
0.113028
0.128276
0.142741
0.156327
0.168949
0.180485
0.190945
0.200188
0.208134
0.214719
0.219906
0.223734
0.226349
0.227994
0.228954
0.229477
0.229748
0.229881
0.229945
0.229975
0.229989
0.229995
0.229998
0.229999
0.23
0.23
0.23
0.23
0.23
0.23
0.23
0.23
0.23
4.90191e-10
2.14229e-09
4.92035e-09
9.57374e-09
1.73266e-08
3.01571e-08
5.11597e-08
8.51715e-08
1.39556e-07
2.25249e-07
3.58021e-07
5.59814e-07
8.59916e-07
1.29539e-06
1.91004e-06
2.7513e-06
3.86461e-06
5.2861e-06
7.03531e-06
9.11019e-06
1.1486e-05
1.41181e-05
1.69472e-05
1.99055e-05
2.29219e-05
2.59266e-05
2.8854e-05
3.16449e-05
3.4248e-05
3.66217e-05
3.87361e-05
4.05774e-05
4.21564e-05
4.35226e-05
4.47818e-05
4.61163e-05
4.78021e-05
5.02205e-05
5.38469e-05
5.92539e-05
6.71655e-05
7.85647e-05
9.47781e-05
0.000117114
0.000147476
0.000188333
0.000242901
0.000315387
0.000411297
0.000537847
0.000704482
0.000923574
0.00121133
0.00158899
0.00208445
0.00273438
0.00358652
0.00468257
0.00610642
0.00803708
0.0105823
0.0139334
0.0270967
0.0438472
0.0607685
0.0775786
0.0940587
0.110038
0.125378
0.139968
0.15371
0.166518
0.178288
0.188984
0.198492
0.206722
0.213599
0.219072
0.223158
0.225984
0.227782
0.228839
0.229419
0.229719
0.229868
0.229939
0.229972
0.229988
0.229995
0.229998
0.229999
0.23
0.23
0.23
0.23
0.23
0.23
0.23
0.23
0.23
4.79377e-10
2.09499e-09
4.81067e-09
9.35509e-09
1.69123e-08
2.93785e-08
4.9795e-08
8.28738e-08
1.35819e-07
2.19409e-07
3.49406e-07
5.46806e-07
8.40238e-07
1.26583e-06
1.86615e-06
2.68701e-06
3.7719e-06
5.15482e-06
6.85309e-06
8.86269e-06
1.11574e-05
1.3692e-05
1.64072e-05
1.92362e-05
2.21098e-05
2.49605e-05
2.77255e-05
3.03486e-05
3.27818e-05
3.49866e-05
3.6936e-05
3.86182e-05
4.00449e-05
4.12627e-05
4.23706e-05
4.35373e-05
4.5018e-05
4.71643e-05
5.04323e-05
5.53961e-05
6.27425e-05
7.32739e-05
8.81433e-05
0.000109013
0.000137556
0.00017618
0.000228016
0.000297168
0.000389023
0.000510649
0.000671311
0.000883162
0.00116214
0.00152915
0.00201166
0.00264579
0.00347912
0.00455755
0.00595678
0.00785023
0.0103448
0.0136452
0.0238065
0.0405728
0.0575018
0.0743268
0.0908403
0.106878
0.122307
0.137017
0.150912
0.163905
0.17591
0.186848
0.196631
0.205161
0.212351
0.218136
0.222509
0.225572
0.227543
0.228711
0.229355
0.229689
0.229854
0.229933
0.22997
0.229987
0.229994
0.229997
0.229999
0.23
0.23
0.23
0.23
0.23
0.23
0.23
0.23
0.23
4.68591e-10
2.04796e-09
4.70297e-09
9.14666e-09
1.65394e-08
2.87446e-08
4.87138e-08
8.10319e-08
1.32666e-07
2.13928e-07
3.39615e-07
5.31133e-07
8.16584e-07
1.23195e-06
1.82098e-06
2.62454e-06
3.68461e-06
5.03335e-06
6.68613e-06
8.63713e-06
1.08588e-05
1.33054e-05
1.59178e-05
1.86304e-05
2.13758e-05
2.40888e-05
2.67092e-05
2.91838e-05
3.14678e-05
3.35254e-05
3.53323e-05
3.68789e-05
3.81773e-05
3.92725e-05
4.02578e-05
4.12909e-05
4.2609e-05
4.45396e-05
4.75091e-05
5.20562e-05
5.88551e-05
6.87587e-05
8.27955e-05
0.000102292
0.000129319
0.000166241
0.000215976
0.000282598
0.000371443
0.000489512
0.000645994
0.000852952
0.00112622
0.00148658
0.00196133
0.00258637
0.00340899
0.0044766
0.00586314
0.00773922
0.0102095
0.0134711
0.0207665
0.0374935
0.0543875
0.0711924
0.0877077
0.103774
0.119262
0.134063
0.148085
0.161241
0.17345
0.184583
0.194643
0.203475
0.210986
0.217096
0.221776
0.225099
0.227265
0.228561
0.22928
0.229654
0.229838
0.229926
0.229967
0.229985
0.229994
0.229997
0.229999
0.23
0.23
0.23
0.23
0.23
0.23
0.23
0.23
0.23
4.57067e-10
1.99698e-09
4.58363e-09
8.91002e-09
1.61054e-08
2.79873e-08
4.74391e-08
7.89545e-08
1.2939e-07
2.08933e-07
3.32205e-07
5.19732e-07
7.98648e-07
1.20252e-06
1.77462e-06
2.55769e-06
3.59207e-06
4.90823e-06
6.51986e-06
8.41957e-06
1.05786e-05
1.29504e-05
1.54762e-05
1.8091e-05
2.07288e-05
2.33267e-05
2.58271e-05
2.81794e-05
3.03417e-05
3.22808e-05
3.39748e-05
3.54157e-05
3.66165e-05
3.76207e-05
3.85171e-05
3.94548e-05
4.06571e-05
4.24325e-05
4.5185e-05
4.94286e-05
5.58143e-05
6.51733e-05
7.8575e-05
9.73915e-05
0.000123314
0.000158772
0.000206865
0.000271603
0.000358273
0.000473838
0.00062745
0.000831134
0.00110068
0.00145683
0.00192683
0.00254653
0.00336322
0.00442538
0.00580697
0.00767849
0.0101544
0.0134467
0.0183918
0.0350116
0.0518165
0.0685543
0.0850261
0.101074
0.116569
0.131406
0.145493
0.15875
0.171095
0.182391
0.192676
0.201778
0.209595
0.21603
0.221027
0.224623
0.226992
0.228419
0.229212
0.229622
0.229824
0.22992
0.229964
0.229984
0.229993
0.229997
0.229999
0.229999
0.23
0.23
0.23
0.23
0.23
0.23
0.23
0.23
4.491e-10
1.96083e-09
4.49504e-09
8.72315e-09
1.5737e-08
2.72918e-08
4.61697e-08
7.67089e-08
1.25541e-07
2.02565e-07
3.22149e-07
5.04469e-07
7.76667e-07
1.17344e-06
1.73086e-06
2.49585e-06
3.50835e-06
4.79809e-06
6.37772e-06
8.23871e-06
1.03514e-05
1.26686e-05
1.51318e-05
1.7677e-05
2.02395e-05
2.27583e-05
2.51779e-05
2.74501e-05
2.95346e-05
3.14005e-05
3.30269e-05
3.4407e-05
3.55537e-05
3.65096e-05
3.73601e-05
3.82485e-05
3.93887e-05
4.10772e-05
4.37029e-05
4.77637e-05
5.38944e-05
6.29096e-05
7.58621e-05
9.41182e-05
0.000119459
0.000154101
0.000201224
0.000264833
0.000350197
0.000464252
0.000616115
0.000817753
0.00108485
0.00143797
0.001904
0.00251814
0.00332643
0.0043771
0.00573729
0.00756874
0.0099673
0.0131095
0.0171636
0.0336041
0.0502834
0.0669294
0.0833322
0.0993276
0.114785
0.129598
0.143677
0.156942
0.169318
0.180677
0.191055
0.200295
0.208298
0.214966
0.220226
0.224081
0.226669
0.228249
0.229132
0.229587
0.22981
0.229914
0.229962
0.229983
0.229993
0.229997
0.229999
0.229999
0.23
0.23
0.23
0.23
0.23
0.23
0.23
0.23
)
;

boundaryField
{
    fuel
    {
        type            fixedValue;
        value           uniform 0;
    }
    air
    {
        type            fixedValue;
        value           uniform 0.23;
    }
    outlet
    {
        type            inletOutlet;
        inletValue      uniform 0;
        value           nonuniform List<scalar> 
200
(
4.49029e-10
1.96052e-09
4.49434e-09
8.72181e-09
1.57347e-08
2.72878e-08
4.61631e-08
7.66984e-08
1.25524e-07
2.02539e-07
3.22107e-07
5.04398e-07
7.76547e-07
1.17325e-06
1.73058e-06
2.49548e-06
3.50788e-06
4.79749e-06
6.37699e-06
8.23786e-06
1.03504e-05
1.26676e-05
1.51308e-05
1.76759e-05
2.02385e-05
2.27574e-05
2.51772e-05
2.74495e-05
2.95342e-05
3.14003e-05
3.3027e-05
3.44074e-05
3.55543e-05
3.65104e-05
3.73611e-05
3.82494e-05
3.93896e-05
4.10777e-05
4.37029e-05
4.7763e-05
5.38926e-05
6.29063e-05
7.58568e-05
9.41103e-05
0.000119448
0.000154084
0.000201201
0.000264799
0.000350148
0.000464184
0.00061602
0.000817621
0.00108467
0.00143772
0.00190365
0.00251764
0.0033257
0.00437607
0.00573572
0.00756622
0.00996304
0.0131019
0.0171515
0.0335919
0.0502711
0.0669171
0.0833201
0.0993158
0.114774
0.129587
0.143667
0.156932
0.169309
0.180669
0.191048
0.200289
0.208293
0.214962
0.220223
0.224079
0.226667
0.228248
0.229131
0.229587
0.229809
0.229914
0.229962
0.229983
0.229993
0.229997
0.229999
0.229999
0.23
0.23
0.23
0.23
0.23
0.23
0.23
0.23
4.491e-10
1.96083e-09
4.49504e-09
8.72315e-09
1.5737e-08
2.72918e-08
4.61697e-08
7.67089e-08
1.25541e-07
2.02565e-07
3.22149e-07
5.04469e-07
7.76667e-07
1.17344e-06
1.73086e-06
2.49585e-06
3.50835e-06
4.79809e-06
6.37772e-06
8.23871e-06
1.03514e-05
1.26686e-05
1.51318e-05
1.7677e-05
2.02395e-05
2.27583e-05
2.51779e-05
2.74501e-05
2.95346e-05
3.14005e-05
3.30269e-05
3.4407e-05
3.55537e-05
3.65096e-05
3.73601e-05
3.82485e-05
3.93887e-05
4.10772e-05
4.37029e-05
4.77637e-05
5.38944e-05
6.29096e-05
7.58621e-05
9.41182e-05
0.000119459
0.000154101
0.000201224
0.000264833
0.000350197
0.000464252
0.000616115
0.000817753
0.00108485
0.00143797
0.001904
0.00251814
0.00332643
0.0043771
0.00573729
0.00756874
0.0099673
0.0131095
0.0171636
0.0336041
0.0502834
0.0669294
0.0833322
0.0993276
0.114785
0.129598
0.143677
0.156942
0.169318
0.180677
0.191055
0.200295
0.208298
0.214966
0.220226
0.224081
0.226669
0.228249
0.229132
0.229587
0.22981
0.229914
0.229962
0.229983
0.229993
0.229997
0.229999
0.229999
0.23
0.23
0.23
0.23
0.23
0.23
0.23
0.23
)
;
    }
    frontAndBack
    {
        type            empty;
    }
}


// ************************************************************************* //
