/*--------------------------------*- C++ -*----------------------------------*\
  =========                 |
  \\      /  F ield         | OpenFOAM: The Open Source CFD Toolbox
   \\    /   O peration     | Website:  https://openfoam.org
    \\  /    A nd           | Version:  8
     \\/     M anipulation  |
\*---------------------------------------------------------------------------*/
FoamFile
{
    version     2.0;
    format      ascii;
    class       volScalarField;
    location    "660/fluid";
    object      CH4;
}
// * * * * * * * * * * * * * * * * * * * * * * * * * * * * * * * * * * * * * //

dimensions      [0 0 0 0 0 0 0];

internalField   nonuniform List<scalar> 
4000
(
0.999997
0.999986
0.999968
0.999938
0.999888
0.999805
0.999668
0.999445
0.999083
0.998505
0.997594
0.996182
0.994035
0.990844
0.986224
0.97973
0.970898
0.959297
0.944599
0.926626
0.905367
0.880973
0.853718
0.823966
0.792127
0.758632
0.723909
0.688368
0.65239
0.616324
0.580481
0.545131
0.510503
0.476788
0.444137
0.412671
0.382482
0.353634
0.326164
0.300091
0.275413
0.252117
0.230174
0.209548
0.190196
0.172069
0.155113
0.139276
0.1245
0.110731
0.0979139
0.0859956
0.0749256
0.0646563
0.0551438
0.0463484
0.0382354
0.030876
0.0242188
0.0179905
0.0123784
0.00739438
0.00329216
0.00230899
0.00159891
0.00109117
0.000732441
0.000482544
0.000311324
0.000196288
0.000120823
7.28269e-05
4.36662e-05
2.74872e-05
2.00126e-05
1.53525e-05
1.13799e-05
7.995e-06
5.26895e-06
3.23319e-06
1.84402e-06
9.8236e-07
4.93392e-07
2.37452e-07
1.10923e-07
5.05996e-08
2.26378e-08
9.96563e-09
4.32779e-09
1.85785e-09
7.89735e-10
3.32886e-10
1.39292e-10
5.78926e-11
2.38875e-11
9.75631e-12
3.908e-12
1.49463e-12
4.99791e-13
8.76729e-14
0.999997
0.999986
0.999968
0.999938
0.999888
0.999804
0.999667
0.999442
0.999078
0.998498
0.997585
0.996175
0.994037
0.990871
0.986301
0.979894
0.971195
0.959782
0.945322
0.927622
0.906655
0.882548
0.855556
0.826026
0.794358
0.760978
0.726313
0.690777
0.654757
0.61861
0.582654
0.547165
0.512382
0.4785
0.445676
0.414036
0.383674
0.354659
0.32703
0.300807
0.27599
0.252566
0.230506
0.209775
0.190329
0.172116
0.155087
0.139184
0.124352
0.110535
0.0976767
0.0857239
0.0746251
0.0643323
0.0548009
0.0459906
0.0378662
0.0305015
0.0238417
0.0176085
0.0119927
0.00701358
0.00323033
0.00226466
0.00156638
0.00106704
0.000714538
0.000469385
0.000301813
0.000189584
0.000116265
6.99028e-05
4.19965e-05
2.68206e-05
1.98055e-05
1.50978e-05
1.10689e-05
7.68442e-06
5.00497e-06
3.04109e-06
1.72449e-06
9.18456e-07
4.63712e-07
2.24847e-07
1.05973e-07
4.87875e-08
2.20164e-08
9.76531e-09
4.26688e-09
1.84024e-09
7.84769e-10
3.31428e-10
1.38795e-10
5.76818e-11
2.37836e-11
9.7031e-12
3.88179e-12
1.48282e-12
4.9536e-13
8.68757e-14
0.999997
0.999986
0.999968
0.999938
0.999887
0.999803
0.999665
0.999439
0.999074
0.998492
0.997579
0.99617
0.994039
0.99089
0.986356
0.980012
0.971412
0.960141
0.945869
0.928399
0.907694
0.883866
0.857153
0.827885
0.796446
0.763253
0.728724
0.693272
0.657283
0.621118
0.585099
0.54951
0.514595
0.480556
0.447557
0.41573
0.385174
0.355963
0.328141
0.301729
0.276732
0.253137
0.230918
0.21004
0.190457
0.172124
0.154986
0.138988
0.124071
0.110181
0.0972595
0.085253
0.0741094
0.0637797
0.0542188
0.0453857
0.0372448
0.0298775
0.0232175
0.0169891
0.0113919
0.00643004
0.00318461
0.00222037
0.00152757
0.00103505
0.00068935
0.000450301
0.000287879
0.000179801
0.000109716
6.5813e-05
3.97717e-05
2.60407e-05
1.94981e-05
1.4745e-05
1.06912e-05
7.34105e-06
4.73447e-06
2.85539e-06
1.61261e-06
8.58383e-07
4.34424e-07
2.11408e-07
1.00096e-07
4.63149e-08
2.10092e-08
9.3656e-09
4.1113e-09
1.78043e-09
7.61887e-10
3.22648e-10
1.35391e-10
5.63423e-11
2.32481e-11
9.48683e-12
3.79479e-12
1.44909e-12
4.8387e-13
8.48377e-14
0.999997
0.999986
0.999968
0.999938
0.999887
0.999803
0.999665
0.999439
0.999076
0.998497
0.997589
0.996191
0.99408
0.990963
0.986479
0.980209
0.971713
0.960578
0.946472
0.929198
0.908706
0.8851
0.858607
0.829545
0.798292
0.765253
0.730844
0.695471
0.659522
0.623355
0.587296
0.551631
0.51661
0.482439
0.449289
0.417294
0.386561
0.357166
0.329158
0.302563
0.277387
0.253621
0.231239
0.210205
0.190483
0.172023
0.154769
0.138668
0.12366
0.10969
0.0967005
0.0846361
0.0734446
0.0630762
0.0534851
0.04463
0.0364749
0.0291198
0.0224803
0.0162692
0.0106813
0.00573135
0.00314365
0.00217678
0.00148704
0.00100045
0.000661571
0.000429093
0.000272396
0.000168987
0.000102534
6.13712e-05
3.73874e-05
2.52109e-05
1.90513e-05
1.42834e-05
1.02433e-05
6.95388e-06
4.4365e-06
2.65159e-06
1.48823e-06
7.89826e-07
3.99712e-07
1.94904e-07
9.25693e-08
4.2992e-08
1.958e-08
8.76413e-09
3.86269e-09
1.67913e-09
7.2106e-10
3.06313e-10
1.28885e-10
5.37567e-11
2.22221e-11
9.08111e-12
3.6363e-12
1.38952e-12
4.6411e-13
8.13867e-14
0.999997
0.999986
0.999968
0.999938
0.999887
0.999804
0.999666
0.999441
0.999079
0.998504
0.997602
0.996214
0.99412
0.991031
0.98659
0.980383
0.971974
0.960952
0.946987
0.929874
0.90956
0.886139
0.859828
0.830937
0.799836
0.766925
0.732614
0.697307
0.66139
0.625221
0.589128
0.5534
0.518288
0.484004
0.450722
0.418581
0.38769
0.358132
0.329957
0.303195
0.277856
0.253929
0.231395
0.210225
0.190374
0.171794
0.154433
0.138234
0.123141
0.109097
0.0960442
0.0839274
0.0726934
0.0622919
0.0526764
0.0438045
0.0356494
0.0283298
0.0216933
0.015475
0.00990204
0.00502136
0.00309998
0.00212447
0.00143778
0.000959069
0.000629238
0.000405165
0.0002555
0.000157589
9.52296e-05
5.70093e-05
3.51713e-05
2.45136e-05
1.85407e-05
1.3765e-05
9.77097e-06
6.56852e-06
4.15413e-06
2.46598e-06
1.37828e-06
7.30367e-07
3.69873e-07
1.80727e-07
8.60694e-08
4.00918e-08
1.83133e-08
8.2202e-09
3.63233e-09
1.58266e-09
6.81019e-10
2.89812e-10
1.22123e-10
5.09985e-11
2.11025e-11
8.63007e-12
3.45752e-12
1.3216e-12
4.41442e-13
7.74128e-14
0.999997
0.999986
0.999968
0.999938
0.999888
0.999805
0.999668
0.999445
0.999085
0.998514
0.99762
0.996244
0.994169
0.991109
0.986709
0.980561
0.97223
0.961307
0.947458
0.930478
0.910306
0.88703
0.860861
0.832102
0.801116
0.7683
0.73406
0.698798
0.662899
0.626722
0.590593
0.554806
0.519613
0.485229
0.451831
0.419561
0.388535
0.358834
0.330515
0.303608
0.278122
0.254057
0.231395
0.210101
0.190136
0.17145
0.153994
0.137711
0.122545
0.108438
0.0953331
0.0831744
0.0719087
0.0614855
0.0518579
0.0429833
0.0348265
0.0275268
0.0208839
0.0146813
0.0091324
0.00431502
0.00295639
0.00200955
0.00135123
0.000896393
0.00058518
0.000374998
0.000235381
0.000144565
8.7108e-05
5.22175e-05
3.26272e-05
2.33521e-05
1.7758e-05
1.31407e-05
9.27824e-06
6.19822e-06
3.89514e-06
2.29968e-06
1.2804e-06
6.77107e-07
3.42727e-07
1.67611e-07
7.99422e-08
3.73062e-08
1.70753e-08
7.68053e-09
3.40089e-09
1.48477e-09
6.40085e-10
2.72854e-10
1.1515e-10
4.81491e-11
1.9945e-11
8.1637e-12
3.27271e-12
1.25141e-12
4.18024e-13
7.33082e-14
0.999997
0.999986
0.999968
0.999939
0.999889
0.999806
0.99967
0.999448
0.999092
0.998525
0.997637
0.996273
0.994215
0.991181
0.986819
0.980722
0.972458
0.961618
0.947868
0.930997
0.910941
0.887781
0.861723
0.833065
0.802166
0.769419
0.735228
0.699993
0.664099
0.627904
0.591737
0.555891
0.520622
0.486147
0.452646
0.420263
0.389116
0.359291
0.330844
0.30381
0.278206
0.254028
0.231253
0.209855
0.189792
0.171018
0.153483
0.137131
0.121905
0.107748
0.0946023
0.082413
0.0711264
0.0606922
0.051064
0.0421999
0.0340638
0.0268489
0.020072
0.013942
0.00846156
0.00372731
0.00260472
0.00179408
0.00121711
0.000812254
0.000532392
0.000342117
0.000215197
0.000132464
8.01311e-05
4.8477e-05
3.09909e-05
2.26654e-05
1.722e-05
1.26682e-05
8.89186e-06
5.90495e-06
3.6899e-06
2.16807e-06
1.20292e-06
6.34815e-07
3.2103e-07
1.57033e-07
7.49432e-08
3.50031e-08
1.60369e-08
7.22093e-09
3.20076e-09
1.39886e-09
6.03658e-10
2.57571e-10
1.08795e-10
4.55273e-11
1.88715e-11
7.72838e-12
3.09932e-12
1.18531e-12
3.95915e-13
6.94275e-14
0.999997
0.999986
0.999969
0.999939
0.999889
0.999807
0.999672
0.999452
0.999098
0.998535
0.997655
0.996301
0.994259
0.991248
0.986919
0.980867
0.972661
0.961891
0.948222
0.93144
0.911477
0.888409
0.862436
0.833855
0.803019
0.770319
0.736159
0.700936
0.665035
0.628816
0.592607
0.556704
0.521365
0.486807
0.453214
0.420732
0.389481
0.359547
0.330992
0.303854
0.278149
0.253871
0.231003
0.209517
0.189375
0.170529
0.15293
0.136522
0.121249
0.107054
0.0938786
0.0816677
0.0703678
0.0599282
0.0503025
0.0414489
0.0333593
0.0261714
0.0194272
0.0133648
0.00799205
0.003428
0.00239324
0.00164891
0.00111931
0.000747318
0.000489855
0.00031466
0.000197788
0.000121685
7.36872e-05
4.48884e-05
2.93063e-05
2.19469e-05
1.67622e-05
1.23232e-05
8.62054e-06
5.69701e-06
3.54047e-06
2.06956e-06
1.14346e-06
6.01594e-07
3.0361e-07
1.48382e-07
7.07871e-08
3.30602e-08
1.51495e-08
6.82385e-09
3.02623e-09
1.32334e-09
5.71424e-10
2.43973e-10
1.03116e-10
4.31757e-11
1.79059e-11
7.33594e-12
2.94273e-12
1.12553e-12
3.75902e-13
6.5913e-14
0.999997
0.999986
0.999969
0.999939
0.99989
0.999808
0.999674
0.999456
0.999104
0.998545
0.997671
0.996326
0.994298
0.991308
0.987008
0.980994
0.972836
0.962125
0.948523
0.931814
0.911925
0.888928
0.863022
0.834496
0.803705
0.771036
0.736892
0.70167
0.665755
0.629507
0.593256
0.557298
0.521893
0.487261
0.453588
0.421019
0.389675
0.359649
0.331005
0.303779
0.277986
0.253625
0.23068
0.209123
0.188916
0.170013
0.152363
0.135912
0.120604
0.10638
0.0931834
0.0809584
0.0696511
0.0592109
0.049591
0.0407497
0.0327153
0.0255549
0.0188409
0.0128172
0.00748836
0.00326839
0.00227951
0.00156961
0.00106533
0.000711499
0.000466732
0.00030019
0.000189068
0.000116696
7.10727e-05
4.37636e-05
2.91532e-05
2.19779e-05
1.6705e-05
1.22149e-05
8.49184e-06
5.57319e-06
3.44114e-06
1.99979e-06
1.09962e-06
5.76404e-07
2.90109e-07
1.41564e-07
6.74631e-08
3.14858e-08
1.4422e-08
6.49481e-09
2.88022e-09
1.25962e-09
5.44023e-10
2.32338e-10
9.82296e-11
4.11433e-11
1.70682e-11
6.99447e-12
2.80617e-12
1.07331e-12
3.58403e-13
6.28351e-14
0.999997
0.999987
0.999969
0.99994
0.999891
0.99981
0.999676
0.999459
0.999109
0.998554
0.997685
0.996349
0.994333
0.991361
0.987085
0.981103
0.972986
0.962324
0.948777
0.932126
0.912295
0.889354
0.863497
0.835012
0.804251
0.771601
0.737463
0.702234
0.6663
0.63002
0.593727
0.557716
0.52225
0.487549
0.4538
0.421155
0.389736
0.359637
0.330916
0.303615
0.27775
0.253322
0.230314
0.2087
0.188441
0.169493
0.151804
0.135321
0.119986
0.105742
0.0925318
0.0802986
0.0689886
0.0585507
0.0489379
0.0401079
0.0320967
0.0249643
0.0182726
0.0122653
0.00695029
0.00320513
0.00222877
0.00153052
0.00103617
0.000690381
0.000451887
0.000290081
0.000182443
0.000112584
6.87627e-05
4.27776e-05
2.91136e-05
2.21558e-05
1.67982e-05
1.22222e-05
8.4504e-06
5.51195e-06
3.37978e-06
1.95217e-06
1.06792e-06
5.57499e-07
2.79703e-07
1.36211e-07
6.48137e-08
3.02152e-08
1.38287e-08
6.22412e-09
2.7592e-09
1.20648e-09
5.21048e-10
2.2254e-10
9.41e-11
3.94206e-11
1.63565e-11
6.70382e-12
2.68977e-12
1.02876e-12
3.43467e-13
6.02083e-14
0.999997
0.999987
0.999969
0.99994
0.999891
0.999811
0.999678
0.999462
0.999114
0.998562
0.997697
0.996368
0.994363
0.991406
0.987151
0.981196
0.973113
0.96249
0.948988
0.932383
0.912598
0.889699
0.863879
0.835423
0.804682
0.772041
0.737902
0.702661
0.666705
0.630393
0.59406
0.558002
0.522483
0.487725
0.453913
0.421202
0.389717
0.359549
0.330763
0.303398
0.277474
0.25299
0.229932
0.208272
0.187973
0.168989
0.151271
0.134764
0.11941
0.105153
0.0919346
0.0796978
0.0683887
0.0579558
0.0483516
0.0395338
0.0315472
0.0244351
0.0177577
0.0117692
0.00647295
0.00317622
0.00220703
0.00151487
0.00102537
0.000683179
0.000447247
0.000287195
0.000180732
0.000111662
6.83975e-05
4.28575e-05
2.96632e-05
2.26406e-05
1.70858e-05
1.23573e-05
8.48619e-06
5.49759e-06
3.349e-06
1.9221e-06
1.04597e-06
5.43724e-07
2.71873e-07
1.32099e-07
6.27458e-08
2.92109e-08
1.33548e-08
6.00607e-09
2.66101e-09
1.1631e-09
5.02196e-10
2.14466e-10
9.06848e-11
3.79919e-11
1.5765e-11
6.4619e-12
2.59279e-12
9.91705e-13
3.31007e-13
5.80291e-14
0.999997
0.999987
0.999969
0.99994
0.999892
0.999811
0.999679
0.999464
0.999118
0.998569
0.997708
0.996385
0.994389
0.991444
0.987206
0.981274
0.973218
0.962628
0.949161
0.932593
0.912843
0.889977
0.864183
0.835747
0.805018
0.77238
0.738234
0.702979
0.666999
0.630656
0.594283
0.55818
0.522609
0.487798
0.453933
0.421169
0.389629
0.359406
0.330567
0.303151
0.277179
0.252651
0.229552
0.207856
0.187526
0.168516
0.150776
0.134252
0.118886
0.10462
0.0913979
0.0791613
0.0678562
0.0574308
0.0478385
0.0390379
0.0310717
0.0239725
0.0173135
0.0113445
0.00606826
0.0031537
0.00219261
0.00150565
0.00101957
0.000679683
0.000445256
0.000286183
0.000180349
0.000111689
6.87206e-05
4.34509e-05
3.05714e-05
2.33246e-05
1.75023e-05
1.25777e-05
8.57898e-06
5.5188e-06
3.33993e-06
1.90555e-06
1.03157e-06
5.34026e-07
2.66133e-07
1.2901e-07
6.11653e-08
2.8433e-08
1.2984e-08
5.83395e-09
2.58297e-09
1.12842e-09
4.87053e-10
2.07954e-10
8.79212e-11
3.68326e-11
1.52841e-11
6.26494e-12
2.51382e-12
9.61537e-13
3.20908e-13
5.62661e-14
0.999997
0.999987
0.999969
0.99994
0.999892
0.999812
0.999681
0.999466
0.999122
0.998574
0.997717
0.996399
0.99441
0.991476
0.987252
0.981338
0.973305
0.96274
0.949301
0.932762
0.91304
0.890198
0.864423
0.836
0.805277
0.772638
0.738483
0.703212
0.667209
0.630837
0.594431
0.55829
0.522678
0.487821
0.453909
0.421096
0.389508
0.359239
0.330355
0.302897
0.276886
0.252322
0.229192
0.207468
0.187113
0.168083
0.150328
0.133791
0.118417
0.104148
0.0909246
0.0786906
0.0673916
0.0569774
0.0473993
0.0386089
0.0306587
0.0235769
0.016935
0.010984
0.00572842
0.00313487
0.00218282
0.00150112
0.00101794
0.000679511
0.000445757
0.000286931
0.000181142
0.000112459
6.94795e-05
4.4265e-05
3.1524e-05
2.40471e-05
1.79619e-05
1.28372e-05
8.7033e-06
5.56373e-06
3.34657e-06
1.89939e-06
1.0235e-06
5.27724e-07
2.62156e-07
1.26799e-07
6.00079e-08
2.78536e-08
1.27041e-08
5.70267e-09
2.52292e-09
1.10154e-09
4.75246e-10
2.02851e-10
8.57461e-11
3.59171e-11
1.49033e-11
6.10865e-12
2.45111e-12
9.37514e-13
3.12908e-13
5.48541e-14
0.999997
0.999987
0.99997
0.999941
0.999893
0.999813
0.999682
0.999468
0.999125
0.998579
0.997725
0.996411
0.994428
0.991502
0.98729
0.98139
0.973375
0.962831
0.949414
0.932897
0.913196
0.890371
0.86461
0.836195
0.805473
0.772831
0.738666
0.703378
0.667353
0.630955
0.594517
0.558341
0.522692
0.487798
0.453847
0.420995
0.389368
0.359061
0.330141
0.30265
0.276608
0.252016
0.228861
0.207115
0.186743
0.167698
0.149931
0.133387
0.118008
0.103737
0.0905152
0.0782862
0.0669957
0.0565897
0.047017
0.038237
0.0303074
0.0232412
0.0166138
0.0106766
0.00545116
0.00311934
0.00217632
0.00149967
0.00101906
0.00068174
0.000448251
0.000289261
0.000183131
0.000114084
7.08031e-05
4.53988e-05
3.25678e-05
2.48181e-05
1.84606e-05
1.31296e-05
8.85418e-06
5.62877e-06
3.36734e-06
1.90168e-06
1.02066e-06
5.24501e-07
2.59759e-07
1.25373e-07
5.92265e-08
2.745e-08
1.25045e-08
5.60734e-09
2.47869e-09
1.08152e-09
4.66371e-10
1.98986e-10
8.40899e-11
3.52167e-11
1.46111e-11
5.98831e-12
2.40296e-12
9.18906e-13
3.068e-13
5.37592e-14
0.999997
0.999987
0.99997
0.999941
0.999893
0.999813
0.999683
0.99947
0.999127
0.998583
0.997731
0.99642
0.994442
0.991523
0.98732
0.981432
0.973431
0.962903
0.949503
0.933003
0.913317
0.890505
0.864753
0.836343
0.805621
0.772973
0.738798
0.703496
0.667452
0.631031
0.594567
0.558362
0.522683
0.487756
0.453772
0.420887
0.389228
0.35889
0.329941
0.302423
0.276356
0.251743
0.228568
0.206806
0.18642
0.167365
0.14959
0.133041
0.117661
0.10339
0.090173
0.0779503
0.0666642
0.0562626
0.0466993
0.03793
0.0300176
0.0229645
0.0163494
0.0104239
0.0052243
0.00310662
0.00217254
0.0015006
0.00102214
0.000685476
0.000451861
0.000292388
0.000185673
0.000116082
7.23741e-05
4.66909e-05
3.36975e-05
2.56494e-05
1.90083e-05
1.346e-05
9.03327e-06
5.71383e-06
3.40151e-06
1.91237e-06
1.02236e-06
5.23707e-07
2.58712e-07
1.24613e-07
5.87698e-08
2.71961e-08
1.23731e-08
5.54254e-09
2.44789e-09
1.06732e-09
4.59994e-10
1.96181e-10
8.2878e-11
3.47004e-11
1.4396e-11
5.89821e-12
2.36855e-12
9.05001e-13
3.02442e-13
5.29653e-14
0.999997
0.999987
0.99997
0.999941
0.999893
0.999814
0.999683
0.999471
0.999129
0.998586
0.997736
0.996428
0.994454
0.99154
0.987343
0.981465
0.973474
0.962958
0.949572
0.933084
0.91341
0.890607
0.864861
0.836453
0.80573
0.773076
0.738891
0.703576
0.667515
0.631073
0.594587
0.558359
0.522654
0.487702
0.453691
0.420781
0.389096
0.358734
0.329763
0.302224
0.276138
0.251508
0.228319
0.206545
0.186149
0.167087
0.149307
0.132756
0.117376
0.103109
0.0898926
0.0776709
0.0663898
0.0559965
0.0464422
0.0376827
0.0297839
0.022742
0.0161376
0.0102229
0.00504521
0.00309675
0.00217158
0.00150416
0.00102754
0.000691194
0.000457089
0.00029678
0.000189162
0.000118755
7.4396e-05
4.82558e-05
3.49616e-05
2.65575e-05
1.96078e-05
1.38267e-05
9.23785e-06
5.81633e-06
3.44706e-06
1.93009e-06
1.02814e-06
5.25032e-07
2.58682e-07
1.2435e-07
5.85455e-08
2.70585e-08
1.22951e-08
5.5022e-09
2.42795e-09
1.05788e-09
4.5566e-10
1.94241e-10
8.20339e-11
3.43329e-11
1.42512e-11
5.83401e-12
2.34641e-12
8.95368e-13
2.99611e-13
5.24329e-14
0.999997
0.999987
0.99997
0.999941
0.999893
0.999814
0.999684
0.999472
0.99913
0.998588
0.997739
0.996433
0.994462
0.991552
0.987361
0.98149
0.973507
0.963001
0.949623
0.933145
0.913479
0.890682
0.86494
0.836533
0.805808
0.773149
0.738956
0.703629
0.667555
0.631098
0.594595
0.558347
0.522623
0.487649
0.453619
0.420688
0.388983
0.358603
0.329614
0.30206
0.27596
0.251317
0.228118
0.206335
0.185933
0.166867
0.149085
0.132533
0.117152
0.102883
0.089669
0.0774521
0.0661768
0.0557904
0.0462437
0.0374924
0.0296
0.0225657
0.0159659
0.0100518
0.00487972
0.00308921
0.00217273
0.0015095
0.00103439
0.000698036
0.00046317
0.00030181
0.000193119
0.000121764
7.66487e-05
4.99636e-05
3.62971e-05
2.75113e-05
2.024e-05
1.42167e-05
9.4591e-06
5.93049e-06
3.50037e-06
1.95262e-06
1.03673e-06
5.27919e-07
2.59467e-07
1.24486e-07
5.8513e-08
2.70048e-08
1.22579e-08
5.48024e-09
2.41635e-09
1.05214e-09
4.52951e-10
1.92992e-10
8.15011e-11
3.40921e-11
1.41612e-11
5.79334e-12
2.33249e-12
8.89261e-13
2.97905e-13
5.21017e-14
0.999997
0.999987
0.99997
0.999941
0.999893
0.999814
0.999684
0.999472
0.999131
0.99859
0.997742
0.996437
0.994469
0.991562
0.987374
0.981507
0.973531
0.963031
0.94966
0.933189
0.913528
0.890735
0.864995
0.836589
0.805861
0.773198
0.738999
0.703663
0.667579
0.63111
0.594593
0.558332
0.522592
0.487604
0.453559
0.420613
0.388895
0.358501
0.3295
0.301935
0.275825
0.251174
0.227968
0.20618
0.185774
0.166703
0.148919
0.132364
0.116983
0.102717
0.0895057
0.0772929
0.0660225
0.0556415
0.0461009
0.0373557
0.0294702
0.0224419
0.0158469
0.00993627
0.00477347
0.00308394
0.00217603
0.00151677
0.00104288
0.000706222
0.000470304
0.000307629
0.000197643
0.000125158
7.91412e-05
5.17934e-05
3.76622e-05
2.84672e-05
2.08688e-05
1.46039e-05
9.67984e-06
6.04594e-06
3.5556e-06
1.97683e-06
1.0465e-06
5.31539e-07
2.60681e-07
1.24865e-07
5.86047e-08
2.70175e-08
1.22503e-08
5.47284e-09
2.41137e-09
1.04937e-09
4.51629e-10
1.92314e-10
8.12449e-11
3.39624e-11
1.41152e-11
5.77097e-12
2.32515e-12
8.85881e-13
2.97e-13
5.1919e-14
0.999997
0.999987
0.99997
0.999941
0.999893
0.999814
0.999684
0.999473
0.999132
0.998591
0.997744
0.99644
0.994473
0.991567
0.987383
0.981519
0.973546
0.96305
0.949684
0.933216
0.913559
0.890769
0.86503
0.836623
0.805895
0.773228
0.739025
0.703684
0.667592
0.631116
0.59459
0.55832
0.522571
0.487573
0.453518
0.420563
0.388836
0.358434
0.329425
0.301852
0.275736
0.251079
0.227868
0.206076
0.185666
0.166594
0.148808
0.132254
0.116874
0.102609
0.0894004
0.0771908
0.0659241
0.0555474
0.0460113
0.0372707
0.0293905
0.0223663
0.015774
0.00986423
0.00470413
0.00308047
0.0021807
0.00152497
0.00105194
0.000714724
0.0004776
0.000313526
0.000202201
0.000128561
8.16169e-05
5.35685e-05
3.89265e-05
2.93264e-05
2.14223e-05
1.49398e-05
9.8697e-06
6.1451e-06
3.60332e-06
1.99801e-06
1.0552e-06
5.34865e-07
2.61803e-07
1.2538e-07
5.87329e-08
2.70858e-08
1.22618e-08
5.47927e-09
2.41133e-09
1.049e-09
4.51451e-10
1.92073e-10
8.11778e-11
3.391e-11
1.40999e-11
5.76122e-12
2.32245e-12
8.84355e-13
2.96656e-13
5.18392e-14
0.999997
0.999987
0.99997
0.999941
0.999894
0.999814
0.999685
0.999473
0.999133
0.998591
0.997745
0.996441
0.994474
0.99157
0.987387
0.981524
0.973553
0.963059
0.949695
0.933229
0.913573
0.890785
0.865047
0.83664
0.80591
0.773242
0.739036
0.703692
0.667597
0.631117
0.594587
0.558312
0.522558
0.487556
0.453496
0.420537
0.388805
0.358399
0.329387
0.30181
0.275691
0.251032
0.227818
0.206024
0.185613
0.16654
0.148754
0.1322
0.116821
0.102557
0.0893506
0.0771429
0.0658785
0.0555042
0.0459707
0.0372329
0.0293557
0.0223337
0.0157425
0.00983185
0.00467011
0.00307878
0.00218567
0.00153243
0.0010597
0.000721737
0.000483454
0.000318156
0.000205715
0.000131141
8.34587e-05
5.48455e-05
3.97764e-05
2.98753e-05
2.17632e-05
1.51409e-05
9.98089e-06
6.20227e-06
3.6306e-06
2.01009e-06
1.06018e-06
5.36842e-07
2.62419e-07
1.25733e-07
5.88265e-08
2.71377e-08
1.22735e-08
5.48578e-09
2.41249e-09
1.04935e-09
4.51581e-10
1.9203e-10
8.11767e-11
3.3896e-11
1.4097e-11
5.75814e-12
2.32174e-12
8.8384e-13
2.96545e-13
5.18132e-14
0.999997
0.999987
0.99997
0.999941
0.999894
0.999814
0.999685
0.999473
0.999133
0.998591
0.997745
0.996441
0.994474
0.99157
0.987387
0.981524
0.973553
0.963059
0.949695
0.933229
0.913573
0.890784
0.865046
0.836639
0.80591
0.773242
0.739036
0.703692
0.667597
0.631117
0.594587
0.558312
0.522559
0.487556
0.453496
0.420537
0.388805
0.358399
0.329386
0.30181
0.275691
0.251031
0.227818
0.206024
0.185613
0.16654
0.148754
0.1322
0.116821
0.102557
0.0893505
0.0771428
0.0658784
0.0555042
0.0459707
0.0372329
0.0293557
0.0223337
0.0157424
0.00983184
0.00467009
0.00307878
0.00218568
0.00153245
0.00105974
0.000721786
0.000483514
0.00031822
0.000205776
0.000131194
8.34996e-05
5.48723e-05
3.9789e-05
2.98801e-05
2.17648e-05
1.51414e-05
9.98102e-06
6.20231e-06
3.63061e-06
2.0101e-06
1.06018e-06
5.36856e-07
2.62424e-07
1.25725e-07
5.88275e-08
2.71354e-08
1.22734e-08
5.4852e-09
2.41251e-09
1.04915e-09
4.51576e-10
1.92029e-10
8.11747e-11
3.38961e-11
1.40963e-11
5.75805e-12
2.32155e-12
8.83815e-13
2.96494e-13
5.18104e-14
0.999997
0.999987
0.99997
0.999941
0.999893
0.999814
0.999684
0.999473
0.999132
0.998591
0.997744
0.99644
0.994473
0.991567
0.987383
0.981519
0.973546
0.96305
0.949683
0.933216
0.913558
0.890768
0.865029
0.836623
0.805894
0.773227
0.739024
0.703682
0.667591
0.631114
0.594589
0.558318
0.522569
0.487572
0.453517
0.420562
0.388835
0.358433
0.329424
0.301852
0.275736
0.251079
0.227868
0.206076
0.185666
0.166593
0.148807
0.132253
0.116873
0.102608
0.0894002
0.0771906
0.0659239
0.0555472
0.0460111
0.0372706
0.0293903
0.0223662
0.0157739
0.00986416
0.00470408
0.00308046
0.00218068
0.00152494
0.0010519
0.000714676
0.000477545
0.000313469
0.000202147
0.000128516
8.15826e-05
5.35465e-05
3.89162e-05
2.93225e-05
2.14211e-05
1.49395e-05
9.86965e-06
6.14512e-06
3.60334e-06
1.99802e-06
1.0552e-06
5.34892e-07
2.61807e-07
1.2537e-07
5.8737e-08
2.70812e-08
1.22618e-08
5.4782e-09
2.41135e-09
1.04872e-09
4.51431e-10
1.92076e-10
8.11705e-11
3.39102e-11
1.4098e-11
5.761e-12
2.32192e-12
8.84299e-13
2.96512e-13
5.18319e-14
0.999997
0.999987
0.99997
0.999941
0.999893
0.999814
0.999684
0.999472
0.999131
0.99859
0.997742
0.996437
0.994468
0.991561
0.987374
0.981507
0.97353
0.96303
0.94966
0.933188
0.913527
0.890734
0.864994
0.836587
0.80586
0.773197
0.738997
0.703662
0.667577
0.631108
0.594592
0.55833
0.522591
0.487603
0.453557
0.420612
0.388893
0.3585
0.329499
0.301934
0.275824
0.251173
0.227967
0.206179
0.185773
0.166703
0.148918
0.132364
0.116983
0.102716
0.0895053
0.0772925
0.0660222
0.0556413
0.0461006
0.0373555
0.0294701
0.0224418
0.0158468
0.00993617
0.00477339
0.00308392
0.00217602
0.00151678
0.0010429
0.000706254
0.000470343
0.000307669
0.000197681
0.00012519
7.91648e-05
5.18085e-05
3.76692e-05
2.84699e-05
2.08698e-05
1.46043e-05
9.67999e-06
6.04602e-06
3.55565e-06
1.97686e-06
1.04652e-06
5.31556e-07
2.60682e-07
1.24867e-07
5.86073e-08
2.7017e-08
1.22507e-08
5.47269e-09
2.41145e-09
1.04932e-09
4.51659e-10
1.92325e-10
8.12431e-11
3.39636e-11
1.41137e-11
5.77086e-12
2.32457e-12
8.85841e-13
2.96825e-13
5.19109e-14
0.999997
0.999987
0.99997
0.999941
0.999893
0.999814
0.999684
0.999472
0.99913
0.998588
0.997739
0.996433
0.994462
0.991552
0.987361
0.981489
0.973507
0.963
0.949622
0.933144
0.913478
0.890681
0.864938
0.836531
0.805806
0.773147
0.738954
0.703627
0.667553
0.631096
0.594592
0.558345
0.52262
0.487647
0.453617
0.420686
0.388982
0.358602
0.329613
0.302058
0.275959
0.251316
0.228116
0.206334
0.185932
0.166866
0.149084
0.132532
0.117151
0.102882
0.0896683
0.0774516
0.0661763
0.0557899
0.0462433
0.0374921
0.0295997
0.0225654
0.0159657
0.0100516
0.00487959
0.00308919
0.00217271
0.00150948
0.00103437
0.000698019
0.000463152
0.000301791
0.000193102
0.00012175
7.66378e-05
4.99565e-05
3.62937e-05
2.751e-05
2.02396e-05
1.42166e-05
9.45915e-06
5.93056e-06
3.50043e-06
1.95266e-06
1.03676e-06
5.27935e-07
2.59475e-07
1.2449e-07
5.85153e-08
2.70056e-08
1.22582e-08
5.4805e-09
2.41644e-09
1.05218e-09
4.52976e-10
1.93001e-10
8.1504e-11
3.40936e-11
1.41607e-11
5.79347e-12
2.33211e-12
8.89286e-13
2.97751e-13
5.20991e-14
0.999997
0.999987
0.99997
0.999941
0.999893
0.999814
0.999683
0.999471
0.999129
0.998586
0.997736
0.996427
0.994454
0.99154
0.987343
0.981464
0.973474
0.962957
0.94957
0.933083
0.913408
0.890605
0.864859
0.836451
0.805727
0.773073
0.738889
0.703573
0.667512
0.631071
0.594585
0.558356
0.522652
0.487699
0.453689
0.420778
0.389093
0.358732
0.32976
0.302222
0.276136
0.251506
0.228317
0.206543
0.186148
0.167086
0.149306
0.132755
0.117376
0.103108
0.0898919
0.0776703
0.0663893
0.055996
0.0464418
0.0376823
0.0297836
0.0227417
0.0161373
0.0102227
0.00504501
0.00309673
0.00217156
0.00150413
0.00102751
0.00069117
0.000457069
0.000296765
0.000189153
0.000118751
7.43947e-05
4.82564e-05
3.49627e-05
2.65584e-05
1.96083e-05
1.3827e-05
9.23803e-06
5.81645e-06
3.44714e-06
1.93014e-06
1.02818e-06
5.25051e-07
2.58692e-07
1.24355e-07
5.85487e-08
2.70593e-08
1.2296e-08
5.50245e-09
2.42811e-09
1.05793e-09
4.55687e-10
1.94251e-10
8.2039e-11
3.43338e-11
1.42524e-11
5.83436e-12
2.34653e-12
8.95518e-13
2.99542e-13
5.24426e-14
0.999997
0.999987
0.99997
0.999941
0.999893
0.999813
0.999683
0.99947
0.999127
0.998583
0.997731
0.99642
0.994442
0.991523
0.987319
0.981431
0.97343
0.962901
0.949501
0.933001
0.913315
0.890503
0.86475
0.83634
0.805618
0.77297
0.738795
0.703492
0.667448
0.631027
0.594563
0.558358
0.522679
0.487753
0.453769
0.420884
0.389225
0.358887
0.329939
0.302421
0.276354
0.251741
0.228566
0.206804
0.186418
0.167364
0.149589
0.13304
0.117659
0.103389
0.0901721
0.0779494
0.0666634
0.0562619
0.0466986
0.0379295
0.0300171
0.0229641
0.016349
0.0104235
0.00522402
0.00310657
0.00217253
0.00150061
0.00102216
0.00068551
0.000451896
0.000292417
0.000185695
0.000116095
7.23802e-05
4.66922e-05
3.36966e-05
2.56484e-05
1.90079e-05
1.34599e-05
9.03335e-06
5.71393e-06
3.40159e-06
1.91243e-06
1.0224e-06
5.23729e-07
2.58723e-07
1.24621e-07
5.87718e-08
2.71979e-08
1.23739e-08
5.54289e-09
2.44807e-09
1.0674e-09
4.60026e-10
1.96194e-10
8.28841e-11
3.47013e-11
1.43986e-11
5.89767e-12
2.36954e-12
9.05186e-13
3.02462e-13
5.29876e-14
0.999997
0.999987
0.99997
0.999941
0.999893
0.999813
0.999682
0.999468
0.999125
0.998579
0.997725
0.996411
0.994428
0.991502
0.987289
0.981389
0.973374
0.962829
0.949412
0.932895
0.913193
0.890368
0.864607
0.836191
0.80547
0.772827
0.738662
0.703374
0.667349
0.630951
0.594513
0.558337
0.522689
0.487794
0.453843
0.420991
0.389364
0.359058
0.330138
0.302647
0.276605
0.252014
0.228859
0.207113
0.186741
0.167696
0.14993
0.133386
0.118007
0.103736
0.0905142
0.0782853
0.0669949
0.056589
0.0470164
0.0382365
0.0303069
0.0232408
0.0166134
0.0106762
0.00545077
0.00311928
0.00217628
0.00149964
0.00101904
0.000681713
0.000448229
0.000289245
0.000183123
0.000114083
7.08077e-05
4.54058e-05
3.25738e-05
2.48214e-05
1.84621e-05
1.31302e-05
8.85446e-06
5.62893e-06
3.36744e-06
1.90174e-06
1.0207e-06
5.24524e-07
2.59773e-07
1.2538e-07
5.92304e-08
2.74519e-08
1.25054e-08
5.60778e-09
2.47889e-09
1.08161e-09
4.66411e-10
1.99004e-10
8.40975e-11
3.52194e-11
1.46129e-11
5.98862e-12
2.40346e-12
9.18985e-13
3.0682e-13
5.3784e-14
0.999997
0.999987
0.999969
0.99994
0.999892
0.999812
0.999681
0.999466
0.999122
0.998574
0.997717
0.996399
0.99441
0.991476
0.987251
0.981337
0.973303
0.962738
0.949299
0.93276
0.913037
0.890194
0.864419
0.835996
0.805272
0.772633
0.738478
0.703207
0.667204
0.630832
0.594426
0.558285
0.522673
0.487817
0.453906
0.421093
0.389504
0.359235
0.330351
0.302894
0.276883
0.252319
0.229189
0.207465
0.187111
0.168081
0.150326
0.133789
0.118416
0.104146
0.0909232
0.0786894
0.0673904
0.0569764
0.0473984
0.0386081
0.030658
0.0235763
0.0169344
0.0109835
0.00572796
0.00313477
0.0021827
0.00150099
0.00101783
0.000679407
0.000445666
0.000286853
0.000181072
0.000112397
6.94286e-05
4.42285e-05
3.15039e-05
2.40386e-05
1.79589e-05
1.28364e-05
8.70322e-06
5.56381e-06
3.34666e-06
1.89946e-06
1.02354e-06
5.2775e-07
2.62171e-07
1.26807e-07
6.00121e-08
2.78557e-08
1.27051e-08
5.70316e-09
2.52315e-09
1.10164e-09
4.75293e-10
2.02871e-10
8.57551e-11
3.59208e-11
1.4905e-11
6.1093e-12
2.45142e-12
9.37657e-13
3.12911e-13
5.48808e-14
0.999997
0.999987
0.999969
0.99994
0.999892
0.999811
0.999679
0.999464
0.999118
0.998568
0.997708
0.996385
0.994389
0.991444
0.987205
0.981273
0.973217
0.962626
0.949158
0.93259
0.91284
0.889973
0.864179
0.835743
0.805013
0.772375
0.738229
0.702974
0.666993
0.63065
0.594278
0.558174
0.522604
0.487792
0.453928
0.421164
0.389624
0.359401
0.330562
0.303147
0.277176
0.252648
0.229549
0.207854
0.187523
0.168513
0.150774
0.13425
0.118884
0.104619
0.0913965
0.0791601
0.0678551
0.0574298
0.0478376
0.0390372
0.031071
0.023972
0.0173131
0.0113442
0.00606798
0.00315375
0.0021928
0.00150596
0.00101995
0.000680068
0.000445614
0.000286513
0.000180632
0.000111913
6.88794e-05
4.35544e-05
3.06218e-05
2.33444e-05
1.75091e-05
1.25799e-05
8.57969e-06
5.51907e-06
3.34006e-06
1.90562e-06
1.03162e-06
5.34053e-07
2.66148e-07
1.29018e-07
6.11695e-08
2.84351e-08
1.2985e-08
5.83446e-09
2.58321e-09
1.12853e-09
4.87103e-10
2.07976e-10
8.7931e-11
3.68368e-11
1.52859e-11
6.26571e-12
2.51411e-12
9.61709e-13
3.20914e-13
5.62887e-14
0.999997
0.999987
0.999969
0.99994
0.999891
0.999811
0.999678
0.999462
0.999114
0.998562
0.997697
0.996368
0.994363
0.991405
0.98715
0.981195
0.973111
0.962488
0.948985
0.93238
0.912594
0.889695
0.863874
0.835418
0.804677
0.772036
0.737896
0.702655
0.666699
0.630387
0.594054
0.557996
0.522476
0.487718
0.453906
0.421196
0.389711
0.359544
0.330758
0.303394
0.27747
0.252986
0.229928
0.208268
0.187969
0.168986
0.151268
0.134761
0.119408
0.105151
0.0919328
0.0796962
0.0683873
0.0579545
0.0483505
0.0395328
0.0315462
0.0244343
0.017757
0.0117686
0.00647257
0.003176
0.00220648
0.00151399
0.00102424
0.000681985
0.000446127
0.000286226
0.00017997
0.000111127
6.8075e-05
4.26654e-05
2.95769e-05
2.26122e-05
1.70781e-05
1.23557e-05
8.48614e-06
5.49777e-06
3.34911e-06
1.92218e-06
1.04601e-06
5.4375e-07
2.71888e-07
1.32107e-07
6.275e-08
2.9213e-08
1.33559e-08
6.00658e-09
2.66126e-09
1.16321e-09
5.02248e-10
2.14489e-10
9.06952e-11
3.79964e-11
1.5767e-11
6.46272e-12
2.5931e-12
9.91878e-13
3.31038e-13
5.80459e-14
0.999997
0.999987
0.999969
0.99994
0.999891
0.99981
0.999676
0.999459
0.999109
0.998554
0.997685
0.996348
0.994333
0.99136
0.987084
0.981102
0.972985
0.962322
0.948774
0.932122
0.912291
0.889349
0.863492
0.835007
0.804245
0.771595
0.737456
0.702227
0.666293
0.630013
0.593719
0.557709
0.522242
0.487542
0.453795
0.42115
0.389731
0.359631
0.330911
0.30361
0.277746
0.253317
0.23031
0.208696
0.188438
0.16949
0.151801
0.135318
0.119984
0.10574
0.0925299
0.0802969
0.068987
0.0585494
0.0489368
0.040107
0.0320959
0.0249638
0.0182724
0.0122654
0.00695012
0.0032055
0.00222992
0.00153237
0.00103848
0.000692829
0.000454194
0.000292061
0.000183997
0.000113688
6.94465e-05
4.31287e-05
2.92583e-05
2.22066e-05
1.68142e-05
1.22272e-05
8.45199e-06
5.51262e-06
3.38005e-06
1.95228e-06
1.06797e-06
5.57525e-07
2.79717e-07
1.36218e-07
6.48176e-08
3.02172e-08
1.38297e-08
6.22461e-09
2.75944e-09
1.20659e-09
5.211e-10
2.22564e-10
9.41105e-11
3.94252e-11
1.63585e-11
6.70467e-12
2.69011e-12
1.0289e-12
3.43512e-13
6.02191e-14
0.999997
0.999986
0.999969
0.999939
0.99989
0.999808
0.999674
0.999456
0.999104
0.998545
0.997671
0.996326
0.994298
0.991307
0.987007
0.980992
0.972834
0.962123
0.94852
0.93181
0.91192
0.888923
0.863016
0.83449
0.803698
0.77103
0.736885
0.701663
0.665748
0.6295
0.593249
0.557291
0.521886
0.487255
0.453581
0.421012
0.389668
0.359642
0.330999
0.303773
0.27798
0.25362
0.230675
0.209119
0.188912
0.170009
0.15236
0.135909
0.120601
0.106377
0.0931811
0.0809563
0.0696492
0.0592092
0.0495895
0.0407483
0.0327139
0.0255535
0.0188394
0.0128156
0.00748718
0.00326785
0.00227775
0.00156694
0.00106227
0.000708454
0.000463964
0.000297843
0.000187204
0.000115317
7.01465e-05
4.3241e-05
2.89377e-05
2.19122e-05
1.66882e-05
1.22113e-05
8.4907e-06
5.57288e-06
3.44122e-06
1.99987e-06
1.09966e-06
5.76427e-07
2.90121e-07
1.41571e-07
6.74664e-08
3.14875e-08
1.44229e-08
6.49526e-09
2.88044e-09
1.25973e-09
5.44073e-10
2.32361e-10
9.82398e-11
4.11479e-11
1.70702e-11
6.99532e-12
2.80652e-12
1.07345e-12
3.58448e-13
6.28443e-14
0.999997
0.999986
0.999969
0.999939
0.999889
0.999807
0.999672
0.999452
0.999098
0.998535
0.997655
0.9963
0.994258
0.991247
0.986918
0.980865
0.972659
0.961888
0.948219
0.931436
0.911472
0.888403
0.86243
0.833848
0.803012
0.770312
0.73615
0.700927
0.665026
0.628807
0.592598
0.556695
0.521356
0.486798
0.453205
0.420724
0.389473
0.359539
0.330984
0.303848
0.278142
0.253865
0.230998
0.209512
0.18937
0.170525
0.152926
0.136519
0.121246
0.107051
0.093876
0.0816654
0.0703656
0.0599264
0.0503009
0.0414476
0.0333584
0.0261708
0.0194268
0.0133646
0.00799197
0.00342804
0.00239422
0.00165054
0.0011212
0.0007492
0.00049157
0.000316127
0.000198983
0.000122619
7.43997e-05
4.53996e-05
2.96293e-05
2.20844e-05
1.68142e-05
1.23416e-05
8.62595e-06
5.6984e-06
3.54076e-06
2.06963e-06
1.14348e-06
6.01605e-07
3.03616e-07
1.48386e-07
7.07894e-08
3.30615e-08
1.51502e-08
6.82423e-09
3.02643e-09
1.32344e-09
5.71469e-10
2.43994e-10
1.03125e-10
4.31801e-11
1.79078e-11
7.33675e-12
2.94307e-12
1.12566e-12
3.75946e-13
6.59221e-14
0.999997
0.999986
0.999968
0.999939
0.999889
0.999806
0.99967
0.999448
0.999092
0.998525
0.997637
0.996272
0.994214
0.99118
0.986817
0.98072
0.972456
0.961615
0.947864
0.930992
0.910936
0.887775
0.861716
0.833058
0.802158
0.769411
0.735219
0.699984
0.664089
0.627894
0.591727
0.555881
0.520613
0.486138
0.452637
0.420256
0.389109
0.359285
0.330839
0.303805
0.2782
0.254021
0.231248
0.209849
0.189787
0.171014
0.153479
0.137127
0.121901
0.107744
0.0945992
0.0824102
0.0711238
0.0606898
0.0510618
0.0421979
0.034062
0.0268474
0.0200706
0.0139409
0.00846061
0.00372669
0.00260403
0.00179334
0.00121634
0.000811487
0.000531672
0.000341478
0.000214658
0.000132022
7.97617e-05
4.81665e-05
3.07091e-05
2.25023e-05
1.71446e-05
1.26397e-05
8.88318e-06
5.90257e-06
3.68923e-06
2.16786e-06
1.20286e-06
6.34794e-07
3.21024e-07
1.57031e-07
7.49432e-08
3.50035e-08
1.60372e-08
7.22114e-09
3.20089e-09
1.39893e-09
6.03693e-10
2.57588e-10
1.08803e-10
4.5531e-11
1.88732e-11
7.7291e-12
3.09962e-12
1.18543e-12
3.95955e-13
6.94357e-14
0.999997
0.999986
0.999968
0.999938
0.999888
0.999805
0.999668
0.999445
0.999085
0.998514
0.99762
0.996244
0.994168
0.991108
0.986708
0.98056
0.972228
0.961304
0.947455
0.930474
0.910301
0.887024
0.860854
0.832094
0.801107
0.768291
0.73405
0.698788
0.662889
0.626711
0.590583
0.554795
0.519602
0.485218
0.45182
0.419551
0.388524
0.358823
0.330504
0.303597
0.278113
0.254049
0.231388
0.210095
0.19013
0.171445
0.153989
0.137707
0.122541
0.108434
0.0953295
0.0831712
0.0719058
0.0614829
0.0518555
0.0429811
0.0348246
0.0275252
0.0208824
0.0146801
0.0091313
0.00431405
0.00295593
0.00200937
0.00135123
0.00089651
0.000585374
0.000375232
0.000235621
0.000144784
8.72915e-05
5.23626e-05
3.27545e-05
2.34347e-05
1.77988e-05
1.3156e-05
9.2833e-06
6.19956e-06
3.89536e-06
2.29966e-06
1.28035e-06
6.77077e-07
3.42712e-07
1.67605e-07
7.99395e-08
3.73052e-08
1.7075e-08
7.68047e-09
3.4009e-09
1.48479e-09
6.40101e-10
2.72864e-10
1.15155e-10
4.81517e-11
1.99462e-11
8.16426e-12
3.27295e-12
1.25151e-12
4.18058e-13
7.3315e-14
0.999997
0.999986
0.999968
0.999938
0.999887
0.999804
0.999666
0.999441
0.999079
0.998504
0.997602
0.996214
0.99412
0.991031
0.986589
0.980381
0.971972
0.960949
0.946983
0.929869
0.909554
0.886132
0.85982
0.830929
0.799827
0.766915
0.732603
0.697296
0.661378
0.62521
0.589117
0.553389
0.518277
0.483993
0.450711
0.41857
0.387681
0.358123
0.329949
0.303188
0.277849
0.253923
0.231388
0.210218
0.190368
0.171788
0.154427
0.138229
0.123137
0.109093
0.0960402
0.0839237
0.07269
0.0622888
0.0526736
0.043802
0.0356472
0.0283278
0.0216915
0.0154734
0.00990065
0.00502022
0.0030999
0.00212433
0.00143762
0.0009589
0.000629066
0.000404993
0.000255332
0.000157436
9.51012e-05
5.69144e-05
3.51023e-05
2.44809e-05
1.85276e-05
1.37598e-05
9.76898e-06
6.56775e-06
4.15379e-06
2.46581e-06
1.37818e-06
7.30311e-07
3.69844e-07
1.80713e-07
8.6063e-08
4.0089e-08
1.83122e-08
8.21981e-09
3.6322e-09
1.58263e-09
6.81014e-10
2.89814e-10
1.22125e-10
5.1e-11
2.11033e-11
8.63045e-12
3.45769e-12
1.32167e-12
4.41466e-13
7.74181e-14
0.999997
0.999986
0.999968
0.999938
0.999887
0.999803
0.999665
0.999439
0.999076
0.998497
0.997589
0.996191
0.994079
0.990962
0.986477
0.980207
0.971711
0.960574
0.946468
0.929193
0.9087
0.885093
0.858599
0.829536
0.798282
0.765242
0.730832
0.695459
0.659509
0.623342
0.587283
0.551619
0.516597
0.482427
0.449276
0.417282
0.386549
0.357154
0.329147
0.302552
0.277377
0.253611
0.23123
0.210196
0.190475
0.172016
0.154763
0.138662
0.123655
0.109685
0.0966959
0.0846319
0.0734407
0.0630727
0.0534819
0.0446271
0.0364723
0.0291175
0.0224783
0.0162674
0.0106797
0.00573
0.0031436
0.00217674
0.001487
0.00100042
0.000661556
0.000429098
0.000272419
0.000169025
0.00010258
6.14166e-05
3.74247e-05
2.52348e-05
1.90612e-05
1.42867e-05
1.02441e-05
6.95392e-06
4.43633e-06
2.65141e-06
1.4881e-06
7.89746e-07
3.99668e-07
1.94882e-07
9.25596e-08
4.29878e-08
1.95784e-08
8.76351e-09
3.86247e-09
1.67907e-09
7.21041e-10
3.06309e-10
1.28885e-10
5.3757e-11
2.22224e-11
9.08129e-12
3.63639e-12
1.38955e-12
4.64123e-13
8.13898e-14
0.999997
0.999986
0.999968
0.999938
0.999887
0.999803
0.999665
0.999439
0.999074
0.998492
0.997579
0.996169
0.994038
0.990889
0.986354
0.98001
0.97141
0.960138
0.945864
0.928394
0.907688
0.883858
0.857144
0.827875
0.796436
0.763241
0.728712
0.693259
0.65727
0.621105
0.585086
0.549497
0.514581
0.480542
0.447544
0.415717
0.385162
0.355951
0.328129
0.301718
0.276722
0.253127
0.230909
0.210032
0.190449
0.172116
0.154979
0.138981
0.124066
0.110175
0.0972544
0.0852483
0.074105
0.0637757
0.0542151
0.0453824
0.0372418
0.0298748
0.0232151
0.016987
0.0113901
0.00642842
0.00318454
0.0022203
0.00152752
0.00103503
0.000689334
0.000450291
0.000287869
0.000179788
0.0001097
6.57959e-05
3.97557e-05
2.6028e-05
1.94913e-05
1.47419e-05
1.06899e-05
7.34036e-06
4.73404e-06
2.85511e-06
1.61243e-06
8.5828e-07
4.3437e-07
2.11383e-07
1.00084e-07
4.63101e-08
2.10073e-08
9.36489e-09
4.11104e-09
1.78034e-09
7.61859e-10
3.22638e-10
1.35388e-10
5.63414e-11
2.32479e-11
9.48676e-12
3.79477e-12
1.44909e-12
4.83869e-13
8.48382e-14
0.999997
0.999986
0.999968
0.999938
0.999888
0.999804
0.999667
0.999442
0.999078
0.998497
0.997585
0.996174
0.994037
0.99087
0.986299
0.979892
0.971193
0.959779
0.945317
0.927616
0.906648
0.88254
0.855547
0.826016
0.794347
0.760966
0.7263
0.690763
0.654743
0.618596
0.582639
0.547151
0.512367
0.478485
0.445662
0.414022
0.383661
0.354646
0.327018
0.300795
0.275979
0.252555
0.230495
0.209765
0.190319
0.172107
0.155078
0.139176
0.124345
0.110529
0.0976709
0.0857185
0.0746202
0.0643279
0.0547968
0.0459868
0.0378628
0.0304984
0.023839
0.0176061
0.0119905
0.00701167
0.00323017
0.00226453
0.00156628
0.00106696
0.000714471
0.000469331
0.000301771
0.000189553
0.000116244
6.98906e-05
4.19911e-05
2.68197e-05
1.98064e-05
1.50983e-05
1.10688e-05
7.68408e-06
5.00459e-06
3.0408e-06
1.72431e-06
9.18349e-07
4.63658e-07
2.24821e-07
1.05962e-07
4.87829e-08
2.20145e-08
9.7646e-09
4.26661e-09
1.84013e-09
7.84728e-10
3.31413e-10
1.38789e-10
5.76794e-11
2.37826e-11
9.70272e-12
3.88164e-12
1.48277e-12
4.95341e-13
8.68727e-14
0.999997
0.999986
0.999968
0.999938
0.999888
0.999805
0.999668
0.999445
0.999083
0.998505
0.997594
0.996182
0.994035
0.990843
0.986223
0.979728
0.970895
0.959293
0.944595
0.92662
0.90536
0.880964
0.853708
0.823955
0.792115
0.758619
0.723896
0.688353
0.652375
0.616309
0.580466
0.545116
0.510488
0.476773
0.444122
0.412657
0.382468
0.35362
0.326151
0.300078
0.275401
0.252105
0.230163
0.209538
0.190187
0.17206
0.155105
0.139268
0.124493
0.110724
0.0979077
0.0859898
0.0749202
0.0646514
0.0551393
0.0463443
0.0382317
0.0308726
0.0242157
0.0179877
0.0123758
0.00739197
0.00329177
0.00230873
0.00159875
0.00109106
0.000732371
0.0004825
0.000311297
0.000196274
0.000120816
7.28244e-05
4.36655e-05
2.74875e-05
2.00123e-05
1.53516e-05
1.1379e-05
7.99429e-06
5.26844e-06
3.23285e-06
1.84381e-06
9.82247e-07
4.93336e-07
2.37427e-07
1.10912e-07
5.05948e-08
2.26358e-08
9.96479e-09
4.32743e-09
1.8577e-09
7.89674e-10
3.32861e-10
1.39282e-10
5.78882e-11
2.38858e-11
9.75559e-12
3.90772e-12
1.49452e-12
4.99755e-13
8.76666e-14
)
;

boundaryField
{
    fuel
    {
        type            fixedValue;
        value           uniform 1;
    }
    air
    {
        type            fixedValue;
        value           uniform 0;
    }
    outlet
    {
        type            inletOutlet;
        inletValue      uniform 0;
        value           nonuniform List<scalar> 
200
(
0.999997
0.999986
0.999968
0.999938
0.999888
0.999805
0.999668
0.999445
0.999083
0.998505
0.997594
0.996182
0.994035
0.990844
0.986224
0.97973
0.970898
0.959297
0.944599
0.926626
0.905367
0.880973
0.853718
0.823966
0.792127
0.758632
0.723909
0.688368
0.65239
0.616324
0.580481
0.545131
0.510503
0.476788
0.444137
0.412671
0.382482
0.353634
0.326164
0.300091
0.275413
0.252117
0.230174
0.209548
0.190196
0.172069
0.155113
0.139276
0.1245
0.110731
0.0979139
0.0859956
0.0749256
0.0646563
0.0551438
0.0463484
0.0382354
0.030876
0.0242188
0.0179905
0.0123784
0.00739438
0.00329216
0.00230899
0.00159891
0.00109117
0.000732441
0.000482544
0.000311324
0.000196288
0.000120823
7.28269e-05
4.36662e-05
2.74872e-05
2.00126e-05
1.53525e-05
1.13799e-05
7.995e-06
5.26895e-06
3.23319e-06
1.84402e-06
9.8236e-07
4.93392e-07
2.37452e-07
1.10923e-07
5.05996e-08
2.26378e-08
9.96563e-09
4.32779e-09
1.85785e-09
7.89735e-10
3.32886e-10
1.39292e-10
5.78926e-11
2.38875e-11
9.75631e-12
3.908e-12
1.49463e-12
4.99791e-13
8.76729e-14
0.999997
0.999986
0.999968
0.999938
0.999888
0.999805
0.999668
0.999445
0.999083
0.998505
0.997594
0.996182
0.994035
0.990843
0.986223
0.979728
0.970895
0.959293
0.944595
0.92662
0.90536
0.880964
0.853708
0.823955
0.792115
0.758619
0.723896
0.688353
0.652375
0.616309
0.580466
0.545116
0.510488
0.476773
0.444122
0.412657
0.382468
0.35362
0.326151
0.300078
0.275401
0.252105
0.230163
0.209538
0.190187
0.17206
0.155105
0.139268
0.124493
0.110724
0.0979077
0.0859898
0.0749202
0.0646514
0.0551393
0.0463443
0.0382317
0.0308726
0.0242157
0.0179877
0.0123758
0.00739197
0.00329177
0.00230873
0.00159875
0.00109106
0.000732371
0.0004825
0.000311297
0.000196274
0.000120816
7.28244e-05
4.36655e-05
2.74875e-05
2.00123e-05
1.53516e-05
1.1379e-05
7.99429e-06
5.26844e-06
3.23285e-06
1.84381e-06
9.82247e-07
4.93336e-07
2.37427e-07
1.10912e-07
5.05948e-08
2.26358e-08
9.96479e-09
4.32743e-09
1.8577e-09
7.89674e-10
3.32861e-10
1.39282e-10
5.78882e-11
2.38858e-11
9.75559e-12
3.90772e-12
1.49452e-12
4.99755e-13
8.76666e-14
)
;
    }
    frontAndBack
    {
        type            empty;
    }
}


// ************************************************************************* //
