/*--------------------------------*- C++ -*----------------------------------*\
| =========                 |                                                 |
| \\      /  F ield         | OpenFOAM: The Open Source CFD Toolbox           |
|  \\    /   O peration     | Version:  v1612+                                |
|   \\  /    A nd           | Web:      www.OpenFOAM.com                      |
|    \\/     M anipulation  |                                                 |
\*---------------------------------------------------------------------------*/
FoamFile
{
    version     2.0;
    format      ascii;
    class       faceList;
    location    "constant/leftSolid/polyMesh";
    object      faces;
}
// * * * * * * * * * * * * * * * * * * * * * * * * * * * * * * * * * * * * * //


543
(
4(1 15 43 29)
4(28 29 43 42)
4(2 16 44 30)
4(29 30 44 43)
4(3 17 45 31)
4(30 31 45 44)
4(4 18 46 32)
4(31 32 46 45)
4(5 19 47 33)
4(32 33 47 46)
4(6 20 48 34)
4(33 34 48 47)
4(7 21 49 35)
4(34 35 49 48)
4(8 22 50 36)
4(35 36 50 49)
4(9 23 51 37)
4(36 37 51 50)
4(10 24 52 38)
4(37 38 52 51)
4(11 25 53 39)
4(38 39 53 52)
4(12 26 54 40)
4(39 40 54 53)
4(40 41 55 54)
4(29 43 71 57)
4(56 57 71 70)
4(30 44 72 58)
4(57 58 72 71)
4(31 45 73 59)
4(58 59 73 72)
4(32 46 74 60)
4(59 60 74 73)
4(33 47 75 61)
4(60 61 75 74)
4(34 48 76 62)
4(61 62 76 75)
4(35 49 77 63)
4(62 63 77 76)
4(36 50 78 64)
4(63 64 78 77)
4(37 51 79 65)
4(64 65 79 78)
4(38 52 80 66)
4(65 66 80 79)
4(39 53 81 67)
4(66 67 81 80)
4(40 54 82 68)
4(67 68 82 81)
4(68 69 83 82)
4(57 71 99 85)
4(84 85 99 98)
4(58 72 100 86)
4(85 86 100 99)
4(59 73 101 87)
4(86 87 101 100)
4(60 74 102 88)
4(87 88 102 101)
4(61 75 103 89)
4(88 89 103 102)
4(62 76 104 90)
4(89 90 104 103)
4(63 77 105 91)
4(90 91 105 104)
4(64 78 106 92)
4(91 92 106 105)
4(65 79 107 93)
4(92 93 107 106)
4(66 80 108 94)
4(93 94 108 107)
4(67 81 109 95)
4(94 95 109 108)
4(68 82 110 96)
4(95 96 110 109)
4(96 97 111 110)
4(85 99 127 113)
4(112 113 127 126)
4(86 100 128 114)
4(113 114 128 127)
4(87 101 129 115)
4(114 115 129 128)
4(88 102 130 116)
4(115 116 130 129)
4(89 103 131 117)
4(116 117 131 130)
4(90 104 132 118)
4(117 118 132 131)
4(91 105 133 119)
4(118 119 133 132)
4(92 106 134 120)
4(119 120 134 133)
4(93 107 135 121)
4(120 121 135 134)
4(94 108 136 122)
4(121 122 136 135)
4(95 109 137 123)
4(122 123 137 136)
4(96 110 138 124)
4(123 124 138 137)
4(124 125 139 138)
4(113 127 155 141)
4(140 141 155 154)
4(114 128 156 142)
4(141 142 156 155)
4(115 129 157 143)
4(142 143 157 156)
4(116 130 158 144)
4(143 144 158 157)
4(117 131 159 145)
4(144 145 159 158)
4(118 132 160 146)
4(145 146 160 159)
4(119 133 161 147)
4(146 147 161 160)
4(120 134 162 148)
4(147 148 162 161)
4(121 135 163 149)
4(148 149 163 162)
4(122 136 164 150)
4(149 150 164 163)
4(123 137 165 151)
4(150 151 165 164)
4(124 138 166 152)
4(151 152 166 165)
4(152 153 167 166)
4(141 155 183 169)
4(168 169 183 182)
4(142 156 184 170)
4(169 170 184 183)
4(143 157 185 171)
4(170 171 185 184)
4(144 158 186 172)
4(171 172 186 185)
4(145 159 187 173)
4(172 173 187 186)
4(146 160 188 174)
4(173 174 188 187)
4(147 161 189 175)
4(174 175 189 188)
4(148 162 190 176)
4(175 176 190 189)
4(149 163 191 177)
4(176 177 191 190)
4(150 164 192 178)
4(177 178 192 191)
4(151 165 193 179)
4(178 179 193 192)
4(152 166 194 180)
4(179 180 194 193)
4(180 181 195 194)
4(169 183 211 197)
4(196 197 211 210)
4(170 184 212 198)
4(197 198 212 211)
4(171 185 213 199)
4(198 199 213 212)
4(172 186 214 200)
4(199 200 214 213)
4(173 187 215 201)
4(200 201 215 214)
4(174 188 216 202)
4(201 202 216 215)
4(175 189 217 203)
4(202 203 217 216)
4(176 190 218 204)
4(203 204 218 217)
4(177 191 219 205)
4(204 205 219 218)
4(178 192 220 206)
4(205 206 220 219)
4(179 193 221 207)
4(206 207 221 220)
4(180 194 222 208)
4(207 208 222 221)
4(208 209 223 222)
4(197 211 239 225)
4(224 225 239 238)
4(198 212 240 226)
4(225 226 240 239)
4(199 213 241 227)
4(226 227 241 240)
4(200 214 242 228)
4(227 228 242 241)
4(201 215 243 229)
4(228 229 243 242)
4(202 216 244 230)
4(229 230 244 243)
4(203 217 245 231)
4(230 231 245 244)
4(204 218 246 232)
4(231 232 246 245)
4(205 219 247 233)
4(232 233 247 246)
4(206 220 248 234)
4(233 234 248 247)
4(207 221 249 235)
4(234 235 249 248)
4(208 222 250 236)
4(235 236 250 249)
4(236 237 251 250)
4(225 239 267 253)
4(252 253 267 266)
4(226 240 268 254)
4(253 254 268 267)
4(227 241 269 255)
4(254 255 269 268)
4(228 242 270 256)
4(255 256 270 269)
4(229 243 271 257)
4(256 257 271 270)
4(230 244 272 258)
4(257 258 272 271)
4(231 245 273 259)
4(258 259 273 272)
4(232 246 274 260)
4(259 260 274 273)
4(233 247 275 261)
4(260 261 275 274)
4(234 248 276 262)
4(261 262 276 275)
4(235 249 277 263)
4(262 263 277 276)
4(236 250 278 264)
4(263 264 278 277)
4(264 265 279 278)
4(253 267 295 281)
4(254 268 296 282)
4(255 269 297 283)
4(256 270 298 284)
4(257 271 299 285)
4(258 272 300 286)
4(259 273 301 287)
4(260 274 302 288)
4(261 275 303 289)
4(262 276 304 290)
4(263 277 305 291)
4(264 278 306 292)
4(0 28 42 14)
4(28 56 70 42)
4(56 84 98 70)
4(84 112 126 98)
4(112 140 154 126)
4(140 168 182 154)
4(168 196 210 182)
4(196 224 238 210)
4(224 252 266 238)
4(252 280 294 266)
4(0 14 15 1)
4(1 15 16 2)
4(2 16 17 3)
4(3 17 18 4)
4(4 18 19 5)
4(5 19 20 6)
4(6 20 21 7)
4(7 21 22 8)
4(8 22 23 9)
4(9 23 24 10)
4(10 24 25 11)
4(11 25 26 12)
4(12 26 27 13)
4(280 281 295 294)
4(281 282 296 295)
4(282 283 297 296)
4(283 284 298 297)
4(284 285 299 298)
4(285 286 300 299)
4(286 287 301 300)
4(287 288 302 301)
4(288 289 303 302)
4(289 290 304 303)
4(290 291 305 304)
4(291 292 306 305)
4(292 293 307 306)
4(0 1 29 28)
4(1 2 30 29)
4(2 3 31 30)
4(3 4 32 31)
4(4 5 33 32)
4(5 6 34 33)
4(6 7 35 34)
4(7 8 36 35)
4(8 9 37 36)
4(9 10 38 37)
4(10 11 39 38)
4(11 12 40 39)
4(12 13 41 40)
4(28 29 57 56)
4(29 30 58 57)
4(30 31 59 58)
4(31 32 60 59)
4(32 33 61 60)
4(33 34 62 61)
4(34 35 63 62)
4(35 36 64 63)
4(36 37 65 64)
4(37 38 66 65)
4(38 39 67 66)
4(39 40 68 67)
4(40 41 69 68)
4(56 57 85 84)
4(57 58 86 85)
4(58 59 87 86)
4(59 60 88 87)
4(60 61 89 88)
4(61 62 90 89)
4(62 63 91 90)
4(63 64 92 91)
4(64 65 93 92)
4(65 66 94 93)
4(66 67 95 94)
4(67 68 96 95)
4(68 69 97 96)
4(84 85 113 112)
4(85 86 114 113)
4(86 87 115 114)
4(87 88 116 115)
4(88 89 117 116)
4(89 90 118 117)
4(90 91 119 118)
4(91 92 120 119)
4(92 93 121 120)
4(93 94 122 121)
4(94 95 123 122)
4(95 96 124 123)
4(96 97 125 124)
4(112 113 141 140)
4(113 114 142 141)
4(114 115 143 142)
4(115 116 144 143)
4(116 117 145 144)
4(117 118 146 145)
4(118 119 147 146)
4(119 120 148 147)
4(120 121 149 148)
4(121 122 150 149)
4(122 123 151 150)
4(123 124 152 151)
4(124 125 153 152)
4(140 141 169 168)
4(141 142 170 169)
4(142 143 171 170)
4(143 144 172 171)
4(144 145 173 172)
4(145 146 174 173)
4(146 147 175 174)
4(147 148 176 175)
4(148 149 177 176)
4(149 150 178 177)
4(150 151 179 178)
4(151 152 180 179)
4(152 153 181 180)
4(168 169 197 196)
4(169 170 198 197)
4(170 171 199 198)
4(171 172 200 199)
4(172 173 201 200)
4(173 174 202 201)
4(174 175 203 202)
4(175 176 204 203)
4(176 177 205 204)
4(177 178 206 205)
4(178 179 207 206)
4(179 180 208 207)
4(180 181 209 208)
4(196 197 225 224)
4(197 198 226 225)
4(198 199 227 226)
4(199 200 228 227)
4(200 201 229 228)
4(201 202 230 229)
4(202 203 231 230)
4(203 204 232 231)
4(204 205 233 232)
4(205 206 234 233)
4(206 207 235 234)
4(207 208 236 235)
4(208 209 237 236)
4(224 225 253 252)
4(225 226 254 253)
4(226 227 255 254)
4(227 228 256 255)
4(228 229 257 256)
4(229 230 258 257)
4(230 231 259 258)
4(231 232 260 259)
4(232 233 261 260)
4(233 234 262 261)
4(234 235 263 262)
4(235 236 264 263)
4(236 237 265 264)
4(252 253 281 280)
4(253 254 282 281)
4(254 255 283 282)
4(255 256 284 283)
4(256 257 285 284)
4(257 258 286 285)
4(258 259 287 286)
4(259 260 288 287)
4(260 261 289 288)
4(261 262 290 289)
4(262 263 291 290)
4(263 264 292 291)
4(264 265 293 292)
4(13 27 55 41)
4(41 55 83 69)
4(69 83 111 97)
4(97 111 139 125)
4(125 139 167 153)
4(153 167 195 181)
4(181 195 223 209)
4(209 223 251 237)
4(237 251 279 265)
4(265 279 307 293)
4(14 42 43 15)
4(15 43 44 16)
4(16 44 45 17)
4(17 45 46 18)
4(18 46 47 19)
4(19 47 48 20)
4(20 48 49 21)
4(21 49 50 22)
4(22 50 51 23)
4(23 51 52 24)
4(24 52 53 25)
4(25 53 54 26)
4(26 54 55 27)
4(42 70 71 43)
4(43 71 72 44)
4(44 72 73 45)
4(45 73 74 46)
4(46 74 75 47)
4(47 75 76 48)
4(48 76 77 49)
4(49 77 78 50)
4(50 78 79 51)
4(51 79 80 52)
4(52 80 81 53)
4(53 81 82 54)
4(54 82 83 55)
4(70 98 99 71)
4(71 99 100 72)
4(72 100 101 73)
4(73 101 102 74)
4(74 102 103 75)
4(75 103 104 76)
4(76 104 105 77)
4(77 105 106 78)
4(78 106 107 79)
4(79 107 108 80)
4(80 108 109 81)
4(81 109 110 82)
4(82 110 111 83)
4(98 126 127 99)
4(99 127 128 100)
4(100 128 129 101)
4(101 129 130 102)
4(102 130 131 103)
4(103 131 132 104)
4(104 132 133 105)
4(105 133 134 106)
4(106 134 135 107)
4(107 135 136 108)
4(108 136 137 109)
4(109 137 138 110)
4(110 138 139 111)
4(126 154 155 127)
4(127 155 156 128)
4(128 156 157 129)
4(129 157 158 130)
4(130 158 159 131)
4(131 159 160 132)
4(132 160 161 133)
4(133 161 162 134)
4(134 162 163 135)
4(135 163 164 136)
4(136 164 165 137)
4(137 165 166 138)
4(138 166 167 139)
4(154 182 183 155)
4(155 183 184 156)
4(156 184 185 157)
4(157 185 186 158)
4(158 186 187 159)
4(159 187 188 160)
4(160 188 189 161)
4(161 189 190 162)
4(162 190 191 163)
4(163 191 192 164)
4(164 192 193 165)
4(165 193 194 166)
4(166 194 195 167)
4(182 210 211 183)
4(183 211 212 184)
4(184 212 213 185)
4(185 213 214 186)
4(186 214 215 187)
4(187 215 216 188)
4(188 216 217 189)
4(189 217 218 190)
4(190 218 219 191)
4(191 219 220 192)
4(192 220 221 193)
4(193 221 222 194)
4(194 222 223 195)
4(210 238 239 211)
4(211 239 240 212)
4(212 240 241 213)
4(213 241 242 214)
4(214 242 243 215)
4(215 243 244 216)
4(216 244 245 217)
4(217 245 246 218)
4(218 246 247 219)
4(219 247 248 220)
4(220 248 249 221)
4(221 249 250 222)
4(222 250 251 223)
4(238 266 267 239)
4(239 267 268 240)
4(240 268 269 241)
4(241 269 270 242)
4(242 270 271 243)
4(243 271 272 244)
4(244 272 273 245)
4(245 273 274 246)
4(246 274 275 247)
4(247 275 276 248)
4(248 276 277 249)
4(249 277 278 250)
4(250 278 279 251)
4(266 294 295 267)
4(267 295 296 268)
4(268 296 297 269)
4(269 297 298 270)
4(270 298 299 271)
4(271 299 300 272)
4(272 300 301 273)
4(273 301 302 274)
4(274 302 303 275)
4(275 303 304 276)
4(276 304 305 277)
4(277 305 306 278)
4(278 306 307 279)
)


// ************************************************************************* //
