/*--------------------------------*- C++ -*----------------------------------*\
| =========                 |                                                 |
| \\      /  F ield         | OpenFOAM: The Open Source CFD Toolbox           |
|  \\    /   O peration     | Version:  v1612+                                |
|   \\  /    A nd           | Web:      www.OpenFOAM.com                      |
|    \\/     M anipulation  |                                                 |
\*---------------------------------------------------------------------------*/
FoamFile
{
    version     2.0;
    format      ascii;
    class       labelList;
    location    "constant/leftSolid/polyMesh";
    object      pointRegionAddressing;
}
// * * * * * * * * * * * * * * * * * * * * * * * * * * * * * * * * * * * * * //


308
(
155
156
157
158
159
160
161
162
163
164
165
166
167
168
186
187
188
189
190
191
192
193
194
195
196
197
198
199
496
497
498
499
500
501
502
503
504
505
506
507
508
509
527
528
529
530
531
532
533
534
535
536
537
538
539
540
837
838
839
840
841
842
843
844
845
846
847
848
849
850
868
869
870
871
872
873
874
875
876
877
878
879
880
881
1178
1179
1180
1181
1182
1183
1184
1185
1186
1187
1188
1189
1190
1191
1209
1210
1211
1212
1213
1214
1215
1216
1217
1218
1219
1220
1221
1222
1519
1520
1521
1522
1523
1524
1525
1526
1527
1528
1529
1530
1531
1532
1550
1551
1552
1553
1554
1555
1556
1557
1558
1559
1560
1561
1562
1563
1860
1861
1862
1863
1864
1865
1866
1867
1868
1869
1870
1871
1872
1873
1891
1892
1893
1894
1895
1896
1897
1898
1899
1900
1901
1902
1903
1904
2201
2202
2203
2204
2205
2206
2207
2208
2209
2210
2211
2212
2213
2214
2232
2233
2234
2235
2236
2237
2238
2239
2240
2241
2242
2243
2244
2245
2542
2543
2544
2545
2546
2547
2548
2549
2550
2551
2552
2553
2554
2555
2573
2574
2575
2576
2577
2578
2579
2580
2581
2582
2583
2584
2585
2586
2883
2884
2885
2886
2887
2888
2889
2890
2891
2892
2893
2894
2895
2896
2914
2915
2916
2917
2918
2919
2920
2921
2922
2923
2924
2925
2926
2927
3224
3225
3226
3227
3228
3229
3230
3231
3232
3233
3234
3235
3236
3237
3255
3256
3257
3258
3259
3260
3261
3262
3263
3264
3265
3266
3267
3268
3565
3566
3567
3568
3569
3570
3571
3572
3573
3574
3575
3576
3577
3578
3596
3597
3598
3599
3600
3601
3602
3603
3604
3605
3606
3607
3608
3609
)


// ************************************************************************* //
