/*--------------------------------*- C++ -*----------------------------------*\
  =========                 |
  \\      /  F ield         | OpenFOAM: The Open Source CFD Toolbox
   \\    /   O peration     | Website:  https://openfoam.org
    \\  /    A nd           | Version:  8
     \\/     M anipulation  |
\*---------------------------------------------------------------------------*/
FoamFile
{
    version     2.0;
    format      ascii;
    class       volScalarField;
    location    "0.3/fluid";
    object      Qdot;
}
// * * * * * * * * * * * * * * * * * * * * * * * * * * * * * * * * * * * * * //

dimensions      [1 -1 -3 0 0 0 0];

internalField   nonuniform List<scalar> 
4000
(
-2.18443e-06
-2.18445e-06
-2.18442e-06
-2.18452e-06
0
-1.95978e-10
-2.18442e-06
-7.8392e-10
-2.18599e-06
-2.18599e-06
-2.18756e-06
-2.18442e-06
-2.1907e-06
-2.19697e-06
-1.25426e-08
-2.19826e-06
-2.19568e-06
-5.01702e-08
-5.36629e-16
-1.19255e-06
-1.24769e-13
-1.89138e-07
9.4552e-06
0.000110893
0.000950669
0.00662324
0.0379991
0.182114
0.74185
2.61145
8.05973
22.1182
54.6461
122.881
253.963
487.14
876.274
1491.53
2425.15
3805.56
5827.11
8806.76
13286.4
20214.9
31272.3
49440.1
79969
131918
220452
369987
618898
1.0272e+06
1.68909e+06
2.7529e+06
4.45164e+06
7.15026e+06
1.14202e+07
1.80773e+07
2.84256e+07
4.51739e+07
7.17968e+07
1.14635e+08
1.53209e+08
9.12907e+07
5.39281e+07
3.13058e+07
1.77256e+07
9.72167e+06
5.1279e+06
2.58446e+06
1.23622e+06
560134
248328
82793
13302.5
822.578
23.4834
0.348668
0.00339439
3.41515e-05
5.70568e-07
1.57077e-08
-5.89071e-09
-1.46064e-09
-6.83824e-10
-7.54101e-10
-3.5236e-10
-1.9702e-10
-4.41466e-13
-2.7203e-11
-1.85118e-11
3.59078e-11
-1.39547e-14
-6.53272e-12
4.16806e-11
-9.75481e-16
-6.27956e-12
4.20548e-11
-4.99164e-17
-8.33182e-16
-3.06219e-12
-1.35073e-11
-2.18445e-06
-2.18442e-06
-2.18462e-06
-1.95978e-10
-2.1846e-06
1.027e-14
-8.64455e-10
-2.18442e-06
0
-2.18724e-06
-6.27128e-09
-2.18442e-06
-1.25426e-08
-2.50851e-08
-2.50855e-08
-2.18442e-06
-2.2346e-06
1.30764e-12
-9.91871e-07
8.02734e-07
8.74127e-06
9.54169e-05
0.000824412
0.00583067
0.0339845
0.165516
0.684384
2.43865
7.61361
21.1179
52.685
119.52
248.983
480.947
870.527
1489.93
2434.37
3836.49
5897.06
8943.75
13537.7
20663.6
32069.2
50862.5
82525.7
136402
228353
383730
642368
1.06661e+06
1.75441e+06
2.86017e+06
4.62652e+06
7.43372e+06
1.18775e+07
1.87885e+07
2.95625e+07
4.70192e+07
7.48024e+07
1.19573e+08
1.49111e+08
8.8717e+07
5.23077e+07
3.02857e+07
1.70902e+07
9.33331e+06
4.89675e+06
2.45223e+06
1.16417e+06
523970
231659
67360.5
9629.06
507.406
12.6208
0.168063
0.00158124
1.71696e-05
3.42902e-07
1.07861e-08
-6.48476e-09
-1.45412e-09
-1.58286e-09
-4.44134e-10
-3.94312e-10
-1.0906e-10
-4.29259e-13
-1.3691e-11
4.19878e-11
-1.23408e-11
-3.07592e-12
-6.95473e-12
-6.39688e-12
4.19592e-11
4.20653e-11
-6.18363e-12
-6.64434e-15
-6.7935e-16
-2.18443e-06
-2.44974e-11
-4.8995e-11
-2.18452e-06
-2.18462e-06
-1.9598e-10
5.13493e-15
1.02699e-14
-2.18442e-06
-1.56784e-09
-3.13564e-09
-2.18442e-06
-6.27128e-09
0
1.64318e-13
-2.50855e-08
-8.84554e-18
-5.01702e-08
-5.01709e-08
-2.18442e-06
-1.19255e-06
6.57377e-07
7.43683e-06
8.27173e-05
0.000720455
0.00514576
0.0303543
0.14976
0.626431
2.26033
7.14249
20.0395
50.538
115.818
243.56
474.557
865.788
1492.6
2454.91
3892.25
6016.01
9171.6
13951.8
21400.3
33374.6
53179.7
86571.5
143790
241514
406663
681504
1.13223e+06
1.86303e+06
3.03828e+06
4.91657e+06
7.90366e+06
1.26366e+07
1.99645e+07
3.14592e+07
5.00846e+07
7.97724e+07
1.27699e+08
1.42188e+08
8.44481e+07
4.96427e+07
2.86252e+07
1.60687e+07
8.7182e+06
4.53763e+06
2.2511e+06
1.05731e+06
471962
204491
52721
6100.26
276.289
6.14086
0.0770515
0.000747133
9.15724e-06
2.15734e-07
-1.31035e-09
-2.99815e-09
-1.7712e-09
-8.36243e-10
-5.35455e-12
-3.94194e-10
-1.15199e-10
4.16538e-11
1.12083e-11
-1.23238e-11
3.24737e-11
-6.19677e-12
4.12947e-11
4.16807e-11
-8.67879e-14
-4.82172e-14
-2.40652e-14
-6.18889e-12
4.20642e-11
-1.37372e-12
-2.18442e-06
-2.18442e-06
-2.18442e-06
-8.79194e-11
-1.95978e-10
-3.9196e-10
-2.18521e-06
-1.56784e-09
-2.18442e-06
-2.18442e-06
-2.18442e-06
-2.1907e-06
-2.18442e-06
-1.25426e-08
-1.12539e-08
-2.20951e-06
-2.2346e-06
-5.01703e-08
6.51875e-13
1.23387e-12
5.01708e-07
6.33307e-06
7.26163e-05
0.0006365
0.00460106
0.0274515
0.13683
0.579022
2.11308
6.75077
19.1408
48.7593
112.816
239.412
470.444
865.094
1502.46
2488.17
3970.33
6173.77
9466.46
14481.7
22338
35025.6
56062.7
91864
153210
258120
435395
730206
1.21331e+06
1.99618e+06
3.25455e+06
5.26466e+06
8.4594e+06
1.35175e+07
2.12871e+07
3.38749e+07
5.38357e+07
8.57783e+07
1.37393e+08
1.33712e+08
7.92743e+07
4.64477e+07
2.6658e+07
1.48741e+07
8.0091e+06
4.13125e+06
2.02784e+06
941472
417677
173081
38820.1
3639.19
143.067
2.85175
0.0338251
0.000338494
4.67917e-06
1.23714e-07
4.68342e-09
-2.9628e-09
-1.77136e-09
-1.53811e-09
-3.56549e-10
-1.77888e-10
-9.49871e-11
-2.23606e-11
1.12202e-11
2.90584e-11
-2.97532e-14
-9.25813e-12
-7.70729e-13
-6.18562e-12
4.20649e-11
4.2039e-11
-2.40572e-14
3.58789e-11
-6.7862e-16
-2.18442e-06
-2.44974e-11
-2.18442e-06
-9.79901e-11
-2.18453e-06
-1.95978e-10
-4.60705e-20
-2.18478e-06
-8.64475e-10
-2.18599e-06
4.10798e-14
-3.45782e-09
-6.27136e-09
-1.25427e-08
-2.19697e-06
-2.18442e-06
-2.50855e-08
-5.01702e-08
-2.76632e-08
-1.09221e-06
-1.19255e-06
4.01368e-07
4.33778e-06
6.43883e-05
0.00057462
0.00418546
0.0251938
0.126861
0.542307
1.99884
6.44761
18.4521
47.4275
110.682
236.82
468.976
868.722
1519.23
2532.4
4065.93
6359.78
9807.65
15089
23401.4
36874.3
59438.7
97872.7
163891
276884
467726
784791
1.30388e+06
2.14453e+06
3.49513e+06
5.65169e+06
9.07809e+06
1.45021e+07
2.28287e+07
3.63461e+07
5.77742e+07
9.21119e+07
1.47492e+08
1.24871e+08
7.38916e+07
4.31429e+07
2.464e+07
1.36612e+07
7.29797e+06
3.7296e+06
1.81089e+06
831277
367745
141284
27530.6
2138.88
74.2122
1.34789
0.0154229
0.000162314
2.54737e-06
7.81546e-08
6.23264e-09
-1.17768e-10
-1.72464e-09
-7.20649e-10
-3.94607e-10
-1.35655e-10
-8.87365e-11
1.46969e-11
3.09226e-11
2.90631e-11
3.92905e-11
-6.88199e-12
-4.26963e-13
3.54975e-11
-8.20517e-16
3.58605e-11
4.20524e-11
-6.1862e-12
-6.18349e-12
-1.68839e-12
1.60468e-16
0
-2.18442e-06
-2.18453e-06
2.56747e-15
-2.18464e-06
-2.18521e-06
-7.03355e-10
-1.56782e-09
4.10794e-14
8.21596e-14
-6.27128e-09
-1.25426e-08
-2.19697e-06
0
-2.18442e-06
-2.18442e-06
6.56964e-13
-1.13723e-06
-1.19255e-06
-5.90503e-07
6.0205e-06
5.79664e-05
0.000526701
0.00386837
0.0234889
0.119318
0.514562
1.91299
6.22263
17.9532
46.5074
109.354
235.678
469.932
876.183
1541.82
2585.3
4174.4
6565.24
10179.1
15740.4
24530.6
38919.4
63056.8
104313
175320
296894
502056
842495
1.39923e+06
2.30006e+06
3.74627e+06
6.05381e+06
9.71749e+06
1.55061e+07
2.43914e+07
3.88234e+07
6.17068e+07
9.84132e+07
1.57035e+08
1.16301e+08
6.8702e+07
3.99808e+07
2.27266e+07
1.25235e+07
6.63896e+06
3.36247e+06
1.6157e+06
734014
324235
114458
19134.9
1268.27
39.4039
0.659648
0.00735635
8.17521e-05
1.44347e-06
4.46053e-08
1.20362e-08
-1.03444e-10
-1.72057e-09
-1.57777e-09
-4.36266e-10
-1.72111e-12
-6.09598e-11
1.9759e-11
2.22337e-11
-1.29976e-11
3.58566e-11
3.50272e-11
4.17178e-11
3.58804e-11
-6.18424e-12
-6.20525e-12
3.58689e-11
-6.01983e-15
-6.18431e-12
-2.18443e-06
-6.75355e-12
-4.8995e-11
-2.18442e-06
-2.18442e-06
-1.9598e-10
-3.91955e-10
-7.8391e-10
-1.56783e-09
-1.56782e-09
-2.18615e-06
-6.27136e-09
-2.1907e-06
-2.18442e-06
-2.19697e-06
-2.18442e-06
-2.50851e-08
6.57248e-13
-2.20693e-06
6.53232e-13
-1.09221e-06
-6.90845e-07
4.38156e-06
5.42422e-05
0.000489951
0.00362399
0.0221795
0.113572
0.493627
1.84917
6.05932
17.606
45.9194
108.68
235.704
472.81
886.588
1568.67
2644.13
4291
6782.06
10564
16410
25736
41034.7
66806.1
110991
187159
317571
537422
901761
1.4969e+06
2.45898e+06
4.00225e+06
6.46262e+06
1.03656e+07
1.65104e+07
2.59504e+07
4.12836e+07
6.55908e+07
1.04588e+08
1.66129e+08
1.08469e+08
6.39982e+07
3.71383e+07
2.10215e+07
1.15188e+07
6.06291e+06
3.04519e+06
1.44926e+06
652725
288227
88512.9
13410.9
774.603
21.7793
0.339702
0.00373171
4.40197e-05
8.81297e-07
2.12229e-08
-1.29339e-08
-4.60147e-11
-1.43095e-09
2.69471e-11
-3.67007e-12
-6.75764e-11
-6.89663e-13
-2.73164e-11
3.09452e-11
-1.29931e-11
-7.89568e-12
-1.54111e-12
-6.60977e-12
-1.73242e-15
-6.23695e-12
-2.66658e-14
4.20549e-11
-2.71945e-15
4.20651e-11
-1.37372e-12
-1.22486e-11
-2.70142e-11
-1.15176e-20
-5.40284e-11
-1.08059e-10
-2.16119e-10
-7.8391e-10
2.05399e-14
-2.18599e-06
-3.13568e-09
4.10791e-14
-6.27128e-09
-2.18442e-06
0
-2.18442e-06
-2.18442e-06
-2.20693e-06
-2.2507e-08
-1.11987e-06
-1.14754e-06
-7.91188e-07
4.02521e-06
5.03289e-05
0.000462323
0.00343737
0.0211844
0.109234
0.478024
1.80259
5.94437
17.3778
45.5908
108.512
236.615
477.095
899.038
1598.24
2706.28
4411.4
7001.15
10950.2
17105.3
26948.4
43168.1
70595.9
117750
199146
338489
573164
961621
1.59556e+06
2.61965e+06
4.26145e+06
6.87747e+06
1.10254e+07
1.75323e+07
2.75471e+07
4.38239e+07
6.96439e+07
1.11118e+08
1.68483e+08
1.02138e+08
6.01554e+07
3.4801e+07
1.96146e+07
1.06894e+07
5.58834e+06
2.78499e+06
1.31377e+06
587395
257049
71103.8
9429.35
486.345
12.5478
0.184592
0.00201572
2.52924e-05
5.48602e-07
9.74723e-09
-2.88517e-10
-7.01137e-11
-1.70843e-09
-8.72564e-10
-1.7921e-10
-9.55608e-11
-5.46675e-11
-2.72925e-11
-1.11109e-11
2.90768e-11
-1.39582e-12
4.13696e-11
4.16397e-11
4.18531e-11
4.19694e-11
4.20391e-11
4.20549e-11
4.2063e-11
-6.18423e-12
-2.18443e-06
-1.77436e-11
0
-2.18442e-06
-1.4195e-10
-2.18442e-06
-2.1846e-06
-2.18486e-06
-2.18513e-06
-2.18599e-06
-3.13568e-09
0
-2.1907e-06
1.64319e-13
1.64319e-13
3.28639e-13
-1.12535e-08
-2.2346e-06
-2.18442e-06
-1.14238e-06
-1.19255e-06
-7.91186e-07
3.72419e-06
4.85112e-05
0.000439132
0.00329314
0.0204239
0.105961
0.466479
1.76916
5.86624
17.2396
45.4558
108.713
238.148
482.303
912.677
1629.06
2769.29
4530.54
7216.31
11341
17785.9
28137.4
45264.7
74328.4
124417
210973
359122
608400
1.02063e+06
1.69289e+06
2.77839e+06
4.5181e+06
7.28948e+06
1.16832e+07
1.85505e+07
2.91547e+07
4.64074e+07
7.38151e+07
1.17935e+08
1.64059e+08
9.73613e+07
5.71967e+07
3.29747e+07
1.85039e+07
1.00299e+07
5.21071e+06
2.57789e+06
1.2063e+06
536216
230529
58572.9
6758.12
316.922
7.58942
0.106404
0.00116326
1.54649e-05
3.90109e-07
1.60349e-08
-6.55032e-09
-1.91291e-11
-1.58721e-09
-3.59121e-10
3.89653e-11
-1.97327e-10
-6.77549e-12
-6.44236e-12
-1.11892e-13
-3.42517e-12
-7.57777e-12
-8.66211e-15
-6.60921e-12
-1.07033e-13
-6.27979e-12
-2.4685e-16
4.2059e-11
4.20597e-11
4.20653e-11
-2.18443e-06
-2.18444e-06
0
-2.18442e-06
-2.18448e-06
-2.18462e-06
-2.18482e-06
-2.18442e-06
-2.18442e-06
-2.18599e-06
4.10798e-14
4.10791e-14
-2.81338e-09
-2.19697e-06
-1.25426e-08
0
-2.50855e-08
6.57253e-13
-5.01702e-08
-1.11472e-06
-1.09221e-06
4.01368e-07
3.5235e-06
4.51111e-05
0.000422653
0.00318346
0.0198472
0.103518
0.458065
1.7458
5.81593
17.1682
45.4606
109.167
240.075
488.012
926.754
1659.84
2830.59
4645.25
7428.73
11713.5
18434.6
29271.7
47267.6
77898.4
130797
222286
378828
642005
1.07683e+06
1.78551e+06
2.92937e+06
4.76209e+06
7.68105e+06
1.23081e+07
1.95116e+07
3.06793e+07
4.88629e+07
7.77857e+07
1.24427e+08
1.58086e+08
9.35627e+07
5.48323e+07
3.15096e+07
1.76106e+07
9.4988e+06
4.90694e+06
2.4117e+06
1.12051e+06
495934
208758
48757.4
4987.65
215.632
4.83946
0.0652096
0.000716931
1.01452e-05
2.74985e-07
1.77984e-08
-6.46659e-09
-1.78324e-09
-1.58552e-09
-7.48723e-10
-4.01033e-10
-7.34344e-11
-6.07655e-11
1.48088e-11
-1.97959e-11
-3.42212e-12
-7.89114e-12
-7.03581e-12
-6.18687e-12
4.19588e-11
4.20124e-11
3.58556e-11
-1.20503e-14
4.20657e-11
-4.17413e-16
-2.18443e-06
-2.18444e-06
-4.8995e-11
-9.79888e-11
-1.95979e-10
-2.18462e-06
-4.60705e-20
1.027e-14
-2.18442e-06
-2.18599e-06
0
4.10798e-14
-2.1907e-06
-1.47426e-18
-2.19697e-06
-2.18442e-06
-2.18442e-06
-2.2346e-06
6.57047e-13
-1.14238e-06
-1.00342e-07
3.01026e-07
3.32282e-06
4.43972e-05
0.000408204
0.00309839
0.0194103
0.101704
0.452022
1.72998
5.78614
17.1446
45.5609
109.781
242.209
493.87
940.644
1689.37
2888.53
4755.98
7626.42
12059.4
19036.3
30323.6
49126.1
81212.2
136717
232769
397054
673013
1.12858e+06
1.87065e+06
3.0679e+06
4.98559e+06
8.03907e+06
1.28785e+07
2.03816e+07
3.20558e+07
5.10739e+07
8.13511e+07
1.30238e+08
1.52811e+08
9.03392e+07
5.28385e+07
3.0281e+07
1.68653e+07
9.05804e+06
4.65621e+06
2.27538e+06
1.05076e+06
463875
189634
41187.8
3802.05
153.28
3.25175
0.0424095
0.000470241
7.02339e-06
1.81088e-07
5.55988e-09
-2.00381e-10
-3.19082e-09
-1.5903e-09
-7.90317e-10
-3.94674e-10
4.08797e-11
-5.64451e-11
-2.27853e-13
2.35346e-11
3.92756e-11
4.03592e-11
-8.51875e-13
-2.14264e-13
3.57754e-11
-5.33087e-14
3.58342e-11
-1.20454e-14
3.58795e-11
-3.40288e-16
4.01166e-17
-6.75355e-12
0
-2.18447e-06
-2.18452e-06
-2.18442e-06
-2.18442e-06
-2.18442e-06
-4.32238e-10
0
-2.18756e-06
-7.37128e-19
-2.1907e-06
1.64319e-13
-2.19134e-06
-2.20951e-06
-2.20951e-06
-2.35881e-17
-2.25077e-08
-2.25077e-08
1.26915e-12
-8.46514e-07
3.12214e-06
4.19002e-05
0.000398349
0.00303361
0.0190831
0.100377
0.447782
1.71979
5.77117
17.154
45.7214
110.478
244.398
499.599
953.83
1716.81
2943.35
4856.85
7805.66
12372.1
19579.3
31272.3
50801.8
84199.6
142050
242200
413416
700793
1.17486e+06
1.94666e+06
3.1914e+06
5.18448e+06
8.35701e+06
1.33837e+07
2.11445e+07
3.32649e+07
5.30137e+07
8.44746e+07
1.35302e+08
1.48225e+08
8.75494e+07
5.11218e+07
2.92292e+07
1.62311e+07
8.68534e+06
4.44563e+06
2.16174e+06
993149
437787
173890
35296.1
2989.83
113.563
2.29567
0.0291571
0.000326607
5.09257e-06
1.35145e-07
5.78442e-09
-6.44896e-09
-1.73167e-09
-7.18567e-10
-3.63888e-10
-1.78397e-10
4.09448e-11
-6.07055e-11
-2.83798e-11
2.97234e-11
-3.41723e-12
3.41767e-11
4.20585e-11
-6.35824e-12
-8.71216e-14
3.58817e-11
-6.18369e-12
-5.44572e-15
-2.65724e-17
-3.40047e-16
-2.18443e-06
-2.18444e-06
-4.8995e-11
-2.18452e-06
-2.18448e-06
-8.79181e-11
-2.18482e-06
-4.32227e-10
1.02698e-14
-2.18442e-06
-2.18442e-06
4.10798e-14
8.21596e-14
-2.18442e-06
-6.91564e-09
-2.94851e-18
-2.50855e-08
-1.76911e-17
-2.18442e-06
-2.2571e-06
-1.13723e-06
-8.91528e-07
3.0218e-06
4.08968e-05
0.000392014
0.00298589
0.0188388
0.0994203
0.444887
1.71367
5.76648
17.1845
45.9146
111.2
246.53
504.984
965.892
1742.33
2992.37
4946.42
7964.01
12647.2
20055.9
32103.6
52268.4
86811.5
146707
250422
427656
724938
1.21505e+06
2.01269e+06
3.29879e+06
5.35777e+06
8.63479e+06
1.38267e+07
2.18123e+07
3.43169e+07
5.46971e+07
8.71816e+07
1.39676e+08
1.44216e+08
8.51162e+07
4.96304e+07
2.83199e+07
1.56861e+07
8.36721e+06
4.26716e+06
2.0662e+06
945248
416704
158670
30809.9
2426.17
87.537
1.69782
0.0211048
0.000238975
3.90013e-06
1.24167e-07
4.6527e-09
-2.97361e-09
-1.41238e-09
-8.36683e-10
-7.89617e-10
-2.24735e-10
-1.06603e-12
-6.06821e-11
1.48459e-11
-1.85217e-11
-9.59886e-12
-1.64024e-14
-6.19039e-12
3.57076e-11
-1.06731e-13
-6.27967e-12
3.58821e-11
3.58768e-11
-1.36689e-15
-6.1839e-12
-3.06219e-12
-1.22486e-11
-4.89944e-11
1.28373e-15
-2.18452e-06
-2.18462e-06
5.13493e-15
-7.8392e-10
-2.18486e-06
2.05399e-14
-2.18756e-06
-2.18615e-06
-2.1907e-06
0
-5.62693e-09
-1.12535e-08
-2.94851e-18
-2.25077e-08
-2.20693e-06
-1.11472e-06
-1.13723e-06
-7.91188e-07
2.92145e-06
3.99937e-05
0.000385592
0.00294774
0.0186593
0.0987406
0.442977
1.71042
5.76852
17.227
46.1195
111.906
248.535
509.937
977
1764.82
3035.14
5024.03
8100.41
12883.1
20462.8
32810.8
53511.9
89018.6
150627
257312
439534
744988
1.24831e+06
2.06715e+06
3.38722e+06
5.50046e+06
8.86426e+06
1.41955e+07
2.23731e+07
3.52286e+07
5.61514e+07
8.95116e+07
1.4342e+08
1.40669e+08
8.29728e+07
4.83242e+07
2.75291e+07
1.52157e+07
8.09472e+06
4.1155e+06
1.98566e+06
905119
398790
147854
27193.1
2019.17
69.837
1.30917
0.0160049
0.000183246
3.12103e-06
1.14924e-07
4.76831e-09
-6.42422e-09
-1.45175e-09
-1.3541e-11
-3.63302e-10
-1.42287e-10
-6.7017e-11
-4.50621e-13
3.08783e-11
3.03015e-11
3.30978e-11
-3.07789e-12
-6.877e-12
-6.39731e-12
-6.29016e-12
-4.34049e-14
-6.1944e-12
-6.18892e-12
-6.18484e-12
3.58822e-11
-3.06215e-12
-2.18444e-06
6.41866e-16
-9.79888e-11
-2.18442e-06
0
-2.18482e-06
-2.18442e-06
-2.18521e-06
2.05399e-14
-2.18442e-06
-3.45786e-09
-2.1907e-06
-2.19697e-06
-1.25427e-08
-2.20951e-06
-2.50851e-08
-2.2346e-06
-2.2346e-06
-2.21209e-06
-1.09221e-06
2.00684e-07
4.01367e-06
4.03835e-05
0.000381668
0.00292131
0.0185305
0.0982694
0.441777
1.70909
5.77448
17.2739
46.318
112.552
250.309
514.21
986.453
1783.98
3071.48
5089.65
8215.23
13080.8
20802.5
33398.7
54541.4
90836.4
153835
262907
449085
760919
1.27434e+06
2.109e+06
3.45351e+06
5.60395e+06
9.02322e+06
1.44352e+07
2.27041e+07
3.61433e+07
5.74379e+07
9.15016e+07
1.46575e+08
1.375e+08
8.10847e+07
4.71876e+07
2.68482e+07
1.48144e+07
7.86441e+06
3.98837e+06
1.91867e+06
871999
383972
139067
24380.9
1726.17
57.6609
1.05121
0.0126868
0.000146825
2.56877e-06
9.12451e-08
6.11539e-09
-6.372e-09
-1.4077e-09
-6.74271e-10
-4.0158e-10
-2.24598e-12
-9.82617e-13
-6.61782e-12
-2.46877e-11
-6.83636e-12
-2.78319e-12
-1.70359e-12
-6.18988e-12
-6.18616e-12
-6.37598e-12
-6.2367e-12
-2.41071e-14
-6.18892e-12
4.20641e-11
4.20653e-11
-2.18443e-06
-2.18442e-06
-2.18442e-06
-2.18452e-06
1.28374e-15
-1.9598e-10
-2.18442e-06
-2.18442e-06
-1.21616e-09
-2.18442e-06
-3.13564e-09
-2.18442e-06
-2.18442e-06
-2.19697e-06
-1.25426e-08
-2.20951e-06
3.28636e-13
-2.18442e-06
-5.01709e-08
-5.01709e-08
1.27292e-12
-7.91186e-07
2.82111e-06
4.00825e-05
0.000378055
0.00290162
0.0184376
0.0979509
0.441071
1.70897
5.78232
17.3203
46.4998
113.125
251.853
517.934
994.477
1800.03
3101.68
5143.95
8309.92
13243.6
21081.8
33882.2
55388.5
92334.5
156485
267542
457032
774263
1.29636e+06
2.14491e+06
3.51158e+06
5.69733e+06
9.173e+06
1.46756e+07
2.30867e+07
3.6776e+07
5.84393e+07
9.31011e+07
1.49118e+08
1.35017e+08
7.95892e+07
4.62813e+07
2.63033e+07
1.44929e+07
7.67987e+06
3.88666e+06
1.86522e+06
845697
372291
131831
22267.9
1517.53
49.2768
0.878333
0.0104949
0.000122559
2.22391e-06
6.71351e-08
1.18324e-08
-3.59279e-09
-1.39992e-09
-8.83158e-10
-4.37291e-10
-1.35953e-10
4.11096e-11
-5.55996e-11
1.73836e-11
4.19854e-11
2.97233e-11
4.2051e-11
4.1294e-11
-6.18609e-12
-1.92472e-13
-4.45026e-16
-1.09113e-14
-5.43467e-15
-6.18515e-12
-6.18382e-12
-3.06219e-12
-1.22486e-11
-4.8995e-11
-2.18447e-06
-2.18452e-06
-1.95978e-10
-2.18442e-06
-2.18442e-06
-1.84282e-19
-1.56784e-09
-2.18442e-06
-2.18442e-06
-6.27136e-09
0
-2.19697e-06
-2.18442e-06
-1.12539e-08
-1.76911e-17
6.57071e-13
-5.01709e-08
-1.14754e-06
2.00684e-07
3.91332e-06
3.85889e-05
0.000375647
0.00288726
0.0183746
0.097745
0.440691
1.7095
5.79039
17.362
46.6552
113.6
253.113
520.928
1000.93
1812.9
3125.85
5187.3
8385.45
13373.3
21304.7
34268.8
56067.6
93538.8
158621
271289
463479
785123
1.31435e+06
2.17434e+06
3.55929e+06
5.77414e+06
9.29594e+06
1.48715e+07
2.33935e+07
3.72627e+07
5.92122e+07
9.43407e+07
1.51083e+08
1.33138e+08
7.84548e+07
4.55921e+07
2.58881e+07
1.42475e+07
7.53895e+06
3.80901e+06
1.82447e+06
825710
363399
126141
20729.9
1371.55
43.5588
0.762871
0.00904674
0.000106496
1.92355e-06
9.29357e-08
-6.70924e-10
-3.54486e-09
-3.17585e-09
2.99244e-11
3.71425e-11
3.99418e-11
-1.96914e-10
-5.55905e-11
-2.46781e-11
-7.84517e-14
-3.41068e-12
-9.26007e-12
-6.61167e-12
4.16804e-11
4.20647e-11
4.20653e-11
-2.40982e-14
-6.66223e-15
4.20644e-11
4.20657e-11
-3.06215e-12
-2.18442e-06
-2.18447e-06
0
-2.18452e-06
2.56749e-15
-3.9196e-10
-7.8392e-10
-2.18521e-06
-2.18442e-06
-3.13568e-09
-2.18615e-06
-2.18724e-06
-1.25427e-08
-1.47426e-18
-2.50851e-08
-1.12539e-08
6.57259e-13
-2.2346e-06
-2.25077e-08
-1.00342e-07
-8.36202e-07
3.858e-06
3.83882e-05
0.000373841
0.00287812
0.0183328
0.0976162
0.440512
1.71026
5.79752
17.396
46.7785
113.973
254.096
523.219
1005.82
1822.62
3144.03
5219.86
8442.12
13470.7
21472.2
34559.4
56578.7
94446.1
160231
274115
468337
793300
1.32787e+06
2.19642e+06
3.59499e+06
5.83139e+06
9.3871e+06
1.50159e+07
2.3618e+07
3.76184e+07
5.9777e+07
9.52472e+07
1.52514e+08
1.3178e+08
7.76352e+07
4.50944e+07
2.55883e+07
1.40704e+07
7.4373e+06
3.75303e+06
1.79512e+06
811347
357095
121920
19663.7
1273.22
39.7801
0.687777
0.00811249
9.60273e-05
1.8134e-06
6.83244e-08
4.97292e-09
-6.39017e-09
8.9619e-12
2.39851e-11
-7.88754e-10
3.99825e-11
-9.17516e-13
-4.93989e-11
-6.36098e-12
-1.30142e-11
3.31015e-11
-1.41455e-14
-6.955e-12
-2.50724e-15
4.18733e-11
4.20653e-11
4.20416e-11
-1.20274e-14
-1.67083e-15
3.58822e-11
-2.18443e-06
-2.18444e-06
-2.18447e-06
1.28373e-15
-2.18442e-06
-1.08059e-10
-2.18442e-06
-2.18442e-06
-2.18521e-06
-2.18599e-06
4.10794e-14
-2.18756e-06
-2.18442e-06
1.64319e-13
-1.25427e-08
-2.20951e-06
-2.50855e-08
-2.76632e-08
-2.18442e-06
-1.14238e-06
-1.19255e-06
2.00684e-07
2.82111e-06
3.92798e-05
0.000371655
0.0028717
0.0183062
0.0975423
0.440442
1.71092
5.80272
17.4199
46.863
114.225
254.754
524.755
1009.1
1829.11
3156.17
5241.59
8479.93
13535.7
21583.8
34753.3
56919.7
95051.3
161305
275997
471568
798730
1.33684e+06
2.21102e+06
3.61856e+06
5.86909e+06
9.447e+06
1.51106e+07
2.3765e+07
3.78512e+07
6.01466e+07
9.58405e+07
1.53447e+08
1.30895e+08
7.71014e+07
4.47707e+07
2.53935e+07
1.39554e+07
7.37137e+06
3.71675e+06
1.77612e+06
802075
353018
119133
18995.8
1212.77
37.4891
0.642793
0.00755686
8.98319e-05
1.67207e-06
4.35119e-08
6.30249e-09
-8.01927e-11
-1.39725e-09
-8.82377e-10
-3.62643e-10
4.00028e-11
4.11584e-11
-1.35115e-11
1.12098e-11
3.52359e-11
3.58494e-11
3.28061e-11
3.51108e-11
-2.13529e-13
-1.06556e-13
4.20653e-11
-6.20757e-12
3.58822e-11
4.20627e-11
4.20654e-11
-2.18442e-06
-2.18442e-06
-2.18442e-06
-2.18452e-06
-9.79888e-11
-1.9598e-10
-2.18482e-06
-2.18442e-06
-2.18521e-06
-1.84282e-19
-2.18756e-06
-1.72891e-09
-2.1907e-06
-1.25427e-08
1.64319e-13
-2.20951e-06
0
-5.01702e-08
-2.21209e-06
-1.14238e-06
-1.19255e-06
-8.91528e-07
2.72077e-06
3.80872e-05
0.000370943
0.00286869
0.0182957
0.0975095
0.440421
1.7113
5.80541
17.4319
46.9054
114.351
255.08
525.514
1010.72
1832.32
3162.16
5252.3
8498.58
13567.7
21639
34849.1
57088.2
95350.4
161835
276926
473163
801408
1.34126e+06
2.21822e+06
3.63016e+06
5.88763e+06
9.47644e+06
1.51571e+07
2.38373e+07
3.79656e+07
6.03282e+07
9.61319e+07
1.53904e+08
1.3046e+08
7.68397e+07
4.46121e+07
2.52982e+07
1.38992e+07
7.33918e+06
3.69907e+06
1.76687e+06
797575
351036
117771
18680.3
1184.67
36.4369
0.622363
0.00730669
8.70306e-05
1.62603e-06
6.87494e-08
6.30542e-09
-2.92837e-09
-3.168e-09
-1.53741e-09
-3.62611e-10
-1.77892e-10
-9.50054e-11
-3.3595e-11
-1.73475e-11
3.52362e-11
-3.26776e-14
-1.38912e-14
3.51108e-11
3.5497e-11
4.18733e-11
3.57861e-11
3.58689e-11
-5.43082e-15
-6.18649e-12
-4.16001e-16
-3.06219e-12
-2.18442e-06
-2.18445e-06
-1.15176e-20
-2.18442e-06
-1.95978e-10
-4.60705e-20
-2.18442e-06
-2.18442e-06
-2.18442e-06
-2.18756e-06
-2.18442e-06
-2.18724e-06
-1.47426e-18
-1.25426e-08
-2.50851e-08
-2.50851e-08
-2.18442e-06
-2.18442e-06
-1.14238e-06
-1.09221e-06
3.01025e-07
2.82111e-06
3.80872e-05
0.000370943
0.00286848
0.0182957
0.0975103
0.44042
1.71129
5.80541
17.4319
46.9054
114.351
255.079
525.513
1010.72
1832.32
3162.16
5252.3
8498.58
13567.7
21639
34849.1
57088.2
95350.4
161835
276926
473163
801409
1.34126e+06
2.21822e+06
3.63016e+06
5.88763e+06
9.47645e+06
1.51571e+07
2.38373e+07
3.79656e+07
6.03282e+07
9.6132e+07
1.53904e+08
1.3046e+08
7.68396e+07
4.4612e+07
2.52982e+07
1.38992e+07
7.33917e+06
3.69907e+06
1.76687e+06
797575
351036
117771
18680.3
1184.67
36.4369
0.622363
0.00730669
8.70306e-05
1.62601e-06
4.36637e-08
5.01655e-09
-2.8863e-09
-3.168e-09
-7.15003e-10
-7.88665e-10
-3.94011e-10
3.4983e-11
-2.23769e-11
-1.36819e-11
-6.82949e-12
4.20331e-11
-1.70232e-12
4.16377e-11
-3.85241e-13
-6.29003e-12
-4.33502e-14
-1.33597e-14
-5.43082e-15
-6.18484e-12
-6.18382e-12
-2.18443e-06
1.60468e-16
0
-2.18442e-06
-2.18442e-06
-2.18453e-06
-2.18464e-06
-9.2141e-20
-2.18521e-06
-2.18599e-06
4.10794e-14
-1.72891e-09
-2.1907e-06
-1.25426e-08
-1.25427e-08
-2.50855e-08
-2.18442e-06
-1.76911e-17
-2.2346e-06
-1.14238e-06
-1.14754e-06
2.00684e-07
3.81298e-06
3.81875e-05
0.000371545
0.0028715
0.0183062
0.0975419
0.440441
1.71092
5.8027
17.4198
46.8629
114.225
254.753
524.754
1009.1
1829.11
3156.17
5241.58
8479.93
13535.7
21583.8
34753.3
56919.7
95051.4
161305
275997
471568
798731
1.33684e+06
2.21103e+06
3.61856e+06
5.86909e+06
9.44701e+06
1.51106e+07
2.37651e+07
3.78513e+07
6.01467e+07
9.58406e+07
1.53447e+08
1.30894e+08
7.71012e+07
4.47705e+07
2.53934e+07
1.39554e+07
7.37134e+06
3.71674e+06
1.77611e+06
802072
353017
119133
18995.8
1212.77
37.4892
0.642792
0.00755687
8.98596e-05
1.68333e-06
4.35122e-08
5.01362e-09
-6.34537e-09
-1.44553e-09
-1.17019e-11
-3.5646e-10
-3.94019e-10
-1.1515e-10
-4.93938e-11
-1.36824e-11
-1.30135e-11
3.31019e-11
3.41798e-11
-6.6115e-12
4.18915e-11
4.18733e-11
-4.33532e-14
-1.09024e-14
3.58768e-11
4.20641e-11
-3.39194e-16
-3.06215e-12
-2.18444e-06
0
-2.18452e-06
-2.18452e-06
-1.95978e-10
-2.18464e-06
-2.18521e-06
-2.18442e-06
-2.18513e-06
-3.13568e-09
-2.18583e-06
-6.27128e-09
-2.19697e-06
-2.19697e-06
-2.20951e-06
3.28636e-13
-2.2346e-06
-5.01702e-08
-1.09221e-06
-1.13723e-06
-8.91529e-07
2.72077e-06
3.83882e-05
0.000372749
0.00287792
0.0183328
0.097615
0.44051
1.71025
5.79749
17.396
46.7783
113.972
254.094
523.216
1005.82
1822.61
3144.02
5219.85
8442.11
13470.7
21472.1
34559.4
56578.7
94446.2
160231
274115
468338
793301
1.32788e+06
2.19642e+06
3.595e+06
5.8314e+06
9.38712e+06
1.50159e+07
2.3618e+07
3.76185e+07
5.97771e+07
9.52474e+07
1.52515e+08
1.31779e+08
7.76348e+07
4.50942e+07
2.55882e+07
1.40703e+07
7.43726e+06
3.75301e+06
1.79511e+06
811343
357093
121919
19663.7
1273.22
39.7801
0.687774
0.0081124
9.60274e-05
1.80214e-06
4.32423e-08
-6.32971e-10
-2.89021e-09
-3.92873e-11
-1.18972e-11
-7.88754e-10
-1.84108e-10
-9.17516e-13
-2.85675e-11
-1.73506e-11
3.58052e-11
-1.23411e-11
-7.88605e-12
3.55328e-11
4.18522e-11
-6.27038e-12
4.20653e-11
-1.33627e-14
-6.18354e-12
-2.19781e-17
4.20654e-11
-3.06219e-12
-1.22488e-11
6.41866e-16
0
-2.18452e-06
-1.9598e-10
-2.18482e-06
-2.18442e-06
-1.13559e-09
-2.18599e-06
-3.13564e-09
-3.13564e-09
8.21589e-14
-2.18442e-06
-1.25427e-08
-2.18442e-06
-2.20951e-06
-2.21209e-06
6.57077e-13
-5.01703e-08
1.27338e-12
-8.91528e-07
3.91332e-06
3.96811e-05
0.000374555
0.00288746
0.0183744
0.097744
0.440688
1.70949
5.79035
17.3619
46.6549
113.6
253.111
520.925
1000.92
1812.89
3125.84
5187.28
8385.42
13373.3
21304.7
34268.7
56067.5
93538.7
158621
271289
463479
785124
1.31435e+06
2.17434e+06
3.5593e+06
5.77415e+06
9.29596e+06
1.48716e+07
2.33935e+07
3.72628e+07
5.92123e+07
9.43409e+07
1.51084e+08
1.33138e+08
7.84543e+07
4.55919e+07
2.58879e+07
1.42474e+07
7.5389e+06
3.80898e+06
1.82445e+06
825703
363396
126140
20729.7
1371.54
43.5584
0.762861
0.00904642
0.000106496
1.9512e-06
8.16852e-08
4.94128e-09
-2.93631e-09
-3.1276e-09
-7.15507e-10
-7.88852e-10
-3.94084e-10
-8.88565e-11
-7.34228e-12
-1.73541e-11
-6.26193e-12
-8.96482e-12
-7.88627e-12
-4.28194e-13
-3.85321e-13
-6.37592e-12
-4.35092e-16
-2.40982e-14
-1.20286e-14
-3.01277e-15
-3.91912e-18
-3.59926e-22
-2.18444e-06
-2.18442e-06
-2.18442e-06
-9.79888e-11
-2.18462e-06
-3.91955e-10
-2.18442e-06
-2.18521e-06
2.05397e-14
-3.68564e-19
-2.18615e-06
-2.18442e-06
-2.18442e-06
-2.19697e-06
3.28636e-13
-2.20951e-06
-1.76911e-17
-5.01702e-08
-1.14238e-06
-4.1633e-14
-8.91528e-07
3.91332e-06
4.00375e-05
0.000378055
0.00290162
0.0184372
0.0979498
0.441067
1.70896
5.78228
17.3202
46.4995
113.124
251.851
517.931
994.47
1800.01
3101.66
5143.92
8309.88
13243.5
21081.7
33882.1
55388.3
92334.3
156484
267541
457032
774262
1.29636e+06
2.14491e+06
3.51158e+06
5.69733e+06
9.17301e+06
1.46757e+07
2.30867e+07
3.6776e+07
5.84394e+07
9.31013e+07
1.49119e+08
1.35016e+08
7.95886e+07
4.6281e+07
2.63031e+07
1.44927e+07
7.6798e+06
3.88662e+06
1.8652e+06
845687
372286
131829
22267.6
1517.5
49.2755
0.878302
0.0104945
0.000122587
2.20141e-06
8.0985e-08
1.18324e-08
-6.40007e-09
-1.39989e-09
-1.86666e-11
-3.56736e-10
-2.18296e-10
-1.09016e-10
-4.94161e-11
2.21902e-11
2.97366e-11
-9.59492e-12
3.44937e-11
4.12939e-11
4.18521e-11
-6.37595e-12
4.20653e-11
-6.19439e-12
-1.20301e-14
-3.01333e-15
4.20657e-11
-2.18443e-06
-1.22486e-11
-2.18442e-06
-1.15176e-20
-5.40297e-11
-1.08057e-10
-3.91955e-10
-2.18521e-06
-7.03355e-10
-2.18442e-06
4.10798e-14
-4.86459e-09
-6.27128e-09
0
-1.25427e-08
-2.20951e-06
-2.50855e-08
-2.18442e-06
6.57059e-13
-5.01709e-08
-1.09221e-06
-8.91528e-07
4.05868e-06
4.04839e-05
0.000380776
0.0029224
0.0185305
0.0982686
0.441773
1.70908
5.77443
17.2738
46.3176
112.551
250.307
514.207
986.445
1783.96
3071.45
5089.61
8215.17
13080.7
20802.3
33398.5
54541
90835.8
153834
262905
449083
760916
1.27434e+06
2.109e+06
3.45351e+06
5.60394e+06
9.02322e+06
1.44352e+07
2.27041e+07
3.61433e+07
5.7438e+07
9.15019e+07
1.46576e+08
1.37499e+08
8.1084e+07
4.71872e+07
2.6848e+07
1.48143e+07
7.86432e+06
3.98832e+06
1.91864e+06
871986
383966
139064
24380.1
1726.09
57.6576
1.05114
0.0126858
0.000146821
2.56877e-06
7.74142e-08
-8.00415e-10
-2.94991e-09
-1.4077e-09
-8.7743e-10
-7.53263e-10
-1.78083e-10
-6.69783e-11
-4.43947e-11
1.7378e-11
2.90459e-11
2.97222e-11
-7.57243e-12
3.55324e-11
-1.74414e-13
-6.37598e-12
-6.27963e-12
-2.41076e-14
4.20603e-11
3.58792e-11
-7.51733e-16
-3.06215e-12
-5.49488e-12
-2.18445e-06
-1.15176e-20
-4.39591e-11
2.56747e-15
-4.60705e-20
1.027e-14
-4.32227e-10
-8.64475e-10
-3.68564e-19
-1.72891e-09
-2.18788e-06
-2.19005e-06
-1.25426e-08
3.28639e-13
-2.20951e-06
-5.01709e-08
-2.1819e-16
-1.09221e-06
-1.09221e-06
-8.91529e-07
2.92145e-06
4.11862e-05
0.000385592
0.00294753
0.01866
0.0987395
0.442972
1.7104
5.76847
17.2268
46.1192
111.905
248.533
509.933
976.992
1764.8
3035.12
5023.98
8100.32
12883
20462.6
32810.4
53511.3
89017.6
150625
257310
439531
744982
1.2483e+06
2.06714e+06
3.3872e+06
5.50044e+06
8.86424e+06
1.41955e+07
2.23731e+07
3.52286e+07
5.61515e+07
8.95117e+07
1.43421e+08
1.40668e+08
8.29721e+07
4.83238e+07
2.75288e+07
1.52155e+07
8.09462e+06
4.11544e+06
1.98562e+06
905102
398781
147849
27191.7
2019.03
69.8308
1.30904
0.0160031
0.000183225
3.07087e-06
1.01097e-07
4.74728e-09
-3.61076e-09
-1.4456e-09
-1.3541e-11
-3.21237e-10
-1.78169e-10
-1.09081e-10
-4.49603e-13
-1.98882e-11
-1.30229e-11
-1.23448e-11
3.28044e-11
-6.6436e-15
-2.13843e-13
4.1959e-11
4.20125e-11
3.58689e-11
4.20603e-11
-3.01476e-15
4.20657e-11
-3.06219e-12
1.60465e-16
-2.18442e-06
-4.39604e-11
-2.18447e-06
-2.18442e-06
-2.18482e-06
-7.8391e-10
-4.32238e-10
-2.18442e-06
-2.18442e-06
-7.37128e-19
-2.18788e-06
-2.19005e-06
-2.18442e-06
-2.18442e-06
3.28636e-13
-1.76911e-17
-2.2346e-06
-5.01709e-08
-4.40744e-14
-7.91186e-07
4.11401e-06
4.08518e-05
0.000390922
0.00298549
0.0188384
0.0994185
0.44488
1.71365
5.76642
17.1844
45.9142
111.199
246.528
504.98
965.883
1742.31
2992.33
4946.35
7963.89
12647
20055.6
32103
52267.5
86810.1
146705
250418
427650
724929
1.21504e+06
2.01267e+06
3.29877e+06
5.35774e+06
8.63475e+06
1.38266e+07
2.18123e+07
3.43169e+07
5.46972e+07
8.71818e+07
1.39676e+08
1.44215e+08
8.51156e+07
4.96299e+07
2.83196e+07
1.5686e+07
8.36709e+06
4.26709e+06
2.06616e+06
945227
416694
158663
30808.1
2425.96
87.5273
1.69759
0.0211018
0.000238978
3.9002e-06
1.26771e-07
-9.95003e-10
-3.6241e-09
-1.45438e-09
-8.78748e-10
-4.37942e-10
-1.36209e-10
-5.31045e-11
-4.6893e-13
-2.05475e-13
-6.84297e-12
3.58437e-11
-3.07856e-12
-6.19041e-12
-6.56915e-12
4.19787e-11
4.20223e-11
-2.41215e-14
-6.19552e-12
3.58806e-11
-6.18423e-12
-2.18443e-06
-6.75355e-12
-2.18442e-06
-2.18442e-06
-4.39604e-11
-2.18451e-06
-3.91955e-10
-4.32238e-10
-7.8391e-10
-2.18599e-06
0
4.10798e-14
-2.18724e-06
-2.18442e-06
-2.19697e-06
-2.50851e-08
-2.18442e-06
-5.01702e-08
-2.2346e-06
-5.01709e-08
-1.09221e-06
-8.36202e-07
3.12214e-06
4.29924e-05
0.000399461
0.00303341
0.0190825
0.100376
0.447775
1.71976
5.7711
17.1538
45.721
110.477
244.396
499.594
953.82
1716.79
2943.31
4856.77
7805.51
12371.8
19578.9
31271.6
50800.7
84197.9
142047
242195
413409
700783
1.17484e+06
1.94663e+06
3.19137e+06
5.18444e+06
8.35696e+06
1.33836e+07
2.11445e+07
3.32648e+07
5.30138e+07
8.44747e+07
1.35303e+08
1.48224e+08
8.75487e+07
5.11213e+07
2.92288e+07
1.62309e+07
8.6852e+06
4.44555e+06
2.1617e+06
993125
437776
173884
35294
2989.55
113.549
2.29533
0.0291523
0.000326562
5.12031e-06
1.35167e-07
4.49554e-09
-2.99724e-09
-1.45152e-09
-1.58923e-09
-7.89934e-10
-1.78397e-10
-2.03283e-10
-1.24553e-11
1.98699e-11
3.52184e-11
-2.78789e-12
-1.71653e-14
-8.51477e-13
-2.14089e-13
-1.06788e-13
-5.32809e-14
3.5882e-11
-6.67489e-15
4.20657e-11
4.2065e-11
-2.18443e-06
-6.75371e-12
-4.8995e-11
-2.18452e-06
-8.79207e-11
-2.18442e-06
-2.18482e-06
-7.8391e-10
-8.64465e-10
-2.18599e-06
-3.68564e-19
-3.45786e-09
-6.27136e-09
-1.25427e-08
-2.18442e-06
3.28639e-13
-2.50851e-08
-2.35881e-17
-2.18442e-06
-3.21978e-15
-1.19255e-06
-7.91188e-07
3.32282e-06
4.43972e-05
0.000408204
0.00309839
0.0194099
0.101702
0.452013
1.72996
5.78606
17.1444
45.5604
109.78
242.206
493.864
940.632
1689.34
2888.48
4755.89
7626.25
12059.1
19035.8
30322.8
49124.8
81210.2
136714
232764
397045
673001
1.12856e+06
1.87062e+06
3.06787e+06
4.98555e+06
8.03901e+06
1.28784e+07
2.03815e+07
3.20558e+07
5.10739e+07
8.13512e+07
1.30239e+08
1.5281e+08
9.03384e+07
5.2838e+07
3.02807e+07
1.68651e+07
9.0579e+06
4.65613e+06
2.27534e+06
1.05074e+06
463862
189627
41185.2
3801.67
153.26
3.25124
0.0424019
0.000470171
7.02352e-06
1.81114e-07
5.53885e-09
-6.47174e-09
-1.45569e-09
-1.58412e-09
-4.02768e-10
-1.84735e-10
4.08817e-11
-5.45505e-11
1.4823e-11
-1.23477e-11
3.58988e-11
4.06738e-11
-8.51859e-13
-6.56946e-12
-8.71912e-14
4.20124e-11
4.20655e-11
-6.18356e-12
3.58822e-11
3.58819e-11
-1.37372e-12
-1.22488e-11
-2.18445e-06
1.28373e-15
-2.18457e-06
-2.18451e-06
0
-2.18442e-06
-2.18599e-06
-2.18442e-06
-3.13568e-09
4.10798e-14
-2.81338e-09
-2.18442e-06
-2.19697e-06
-2.94851e-18
3.28639e-13
-2.18442e-06
-2.2346e-06
-1.14754e-06
-1.14754e-06
3.01026e-07
3.5235e-06
4.62033e-05
0.000422653
0.00318306
0.0198467
0.103514
0.458053
1.74576
5.81582
17.1679
45.4599
109.166
240.071
488.004
926.738
1659.81
2830.53
4645.14
7428.54
11713.2
18434.1
29270.8
47266.2
77896.2
130793
222280
378819
641991
1.07681e+06
1.78548e+06
2.92933e+06
4.76204e+06
7.68098e+06
1.2308e+07
1.95115e+07
3.06792e+07
4.88629e+07
7.77859e+07
1.24428e+08
1.58085e+08
9.35618e+07
5.48317e+07
3.15092e+07
1.76103e+07
9.49865e+06
4.90686e+06
2.41165e+06
1.12048e+06
495921
208750
48754.5
4987.16
215.604
4.83868
0.0651975
0.000716794
1.01454e-05
2.74965e-07
1.08556e-08
-6.50247e-09
-1.46103e-09
-7.21041e-10
-4.45289e-10
-3.52783e-10
-2.03421e-10
-5.45831e-11
3.56402e-11
-1.36122e-11
-2.79266e-12
4.03581e-11
-7.03581e-12
4.20623e-11
3.56895e-11
4.19695e-11
-6.18371e-12
-6.18357e-12
-2.7128e-15
4.20653e-11
-3.06215e-12
-2.18442e-06
-4.8995e-11
-5.40297e-11
-5.40297e-11
-8.79181e-11
0
-4.32238e-10
-1.56783e-09
-2.18442e-06
-3.68564e-19
-3.45782e-09
-3.45782e-09
-5.62676e-09
1.64319e-13
-2.20951e-06
-2.20951e-06
-5.01702e-08
6.57023e-13
-1.11472e-06
-1.09221e-06
3.01026e-07
4.8164e-06
4.86115e-05
0.000439132
0.00329274
0.0204231
0.105958
0.466467
1.76912
5.86611
17.2392
45.455
108.711
238.143
482.294
912.658
1629.02
2769.23
4530.42
7216.11
11340.7
17785.3
28136.5
45263.3
74326.1
124413
210967
359112
608385
1.02061e+06
1.69286e+06
2.77835e+06
4.51804e+06
7.28941e+06
1.16831e+07
1.85504e+07
2.91546e+07
4.64074e+07
7.38153e+07
1.17936e+08
1.64057e+08
9.73603e+07
5.71961e+07
3.29743e+07
1.85037e+07
1.00297e+07
5.21062e+06
2.57784e+06
1.20627e+06
536203
230522
58569.6
6757.46
316.88
7.58816
0.106383
0.00116298
1.54652e-05
3.90119e-07
1.73456e-08
-2.72773e-10
-3.5191e-09
-1.54518e-09
-3.59104e-10
-3.53003e-10
-1.97325e-10
-6.77549e-12
-2.72737e-11
-1.36196e-11
-1.23562e-11
-3.08269e-12
-1.53976e-12
4.20621e-11
-1.92889e-13
-6.27979e-12
-4.80941e-14
-6.69004e-15
-3.15392e-17
4.2065e-11
-3.06215e-12
-5.49488e-12
0
1.28374e-15
-2.18447e-06
-8.79181e-11
-1.75836e-10
1.027e-14
0
-1.56782e-09
-2.18583e-06
-6.27132e-09
-2.1907e-06
1.64318e-13
-2.18442e-06
-2.20951e-06
-2.50851e-08
-5.01702e-08
-2.2346e-06
-1.14238e-06
-1.09221e-06
-7.91186e-07
3.96989e-06
5.14211e-05
0.000460829
0.00343827
0.0211836
0.10923
0.478009
1.80254
5.94422
17.3774
45.5897
108.51
236.61
477.084
899.017
1598.2
2706.21
4411.27
7000.94
10949.9
17104.7
26947.5
43166.6
70593.5
117746
199139
338479
573149
961598
1.59553e+06
2.6196e+06
4.26138e+06
6.87739e+06
1.10253e+07
1.75322e+07
2.7547e+07
4.38239e+07
6.9644e+07
1.11119e+08
1.68482e+08
1.02137e+08
6.01546e+07
3.48005e+07
1.96144e+07
1.06892e+07
5.58824e+06
2.78494e+06
1.31374e+06
587380
257041
71099.9
9428.41
486.277
12.5456
0.184553
0.00201534
2.52929e-05
5.62444e-07
9.74131e-09
-3.30583e-10
-3.48601e-09
2.05173e-11
-1.58213e-09
-2.19488e-10
-1.55371e-10
-9.86268e-11
-4.92732e-11
2.84375e-11
4.20139e-11
-7.57936e-12
-6.87964e-12
4.20619e-11
3.57089e-11
3.57859e-11
-2.17293e-14
-6.2075e-12
4.20624e-11
4.20653e-11
-2.18443e-06
-2.18443e-06
-2.18447e-06
-2.18442e-06
-2.18442e-06
-1.9598e-10
-3.9196e-10
-7.8391e-10
-2.18442e-06
2.05399e-14
-2.18615e-06
-2.1907e-06
-2.1907e-06
-2.19697e-06
0
-1.38316e-08
-2.19826e-06
-2.18442e-06
-2.88954e-16
-1.14238e-06
-1.19255e-06
3.56352e-07
5.47377e-06
5.41972e-05
0.000489751
0.00362379
0.0221784
0.113567
0.49361
1.84911
6.05915
17.6055
45.9182
108.678
235.698
472.798
886.565
1568.63
2644.05
4290.87
6781.84
10563.7
16409.5
25735.1
41033.3
66803.7
110987
187153
317561
537408
901740
1.49687e+06
2.45894e+06
4.0022e+06
6.46254e+06
1.03655e+07
1.65104e+07
2.59503e+07
4.12836e+07
6.5591e+07
1.04588e+08
1.6613e+08
1.08467e+08
6.39969e+07
3.71376e+07
2.1021e+07
1.15185e+07
6.06277e+06
3.04511e+06
1.44921e+06
652704
288217
88505.7
13409.6
774.491
21.7752
0.339625
0.00373068
4.39706e-05
8.81316e-07
4.6312e-08
-6.02404e-09
-6.31731e-09
-3.0401e-11
-1.51186e-11
-3.13287e-10
-1.61677e-10
4.13761e-11
-4.92961e-11
1.74378e-11
-5.59461e-14
-9.26951e-12
-6.96878e-13
3.55346e-11
4.2064e-11
-6.27988e-12
-2.66658e-14
3.58821e-11
4.2063e-11
-6.18498e-12
-2.18443e-06
-6.75371e-12
-2.18447e-06
1.28373e-15
-2.18442e-06
-2.18462e-06
-3.91955e-10
-7.8391e-10
-8.64465e-10
-2.18442e-06
-2.18756e-06
-2.18442e-06
-7.37128e-19
-6.91564e-09
-1.25427e-08
-1.38316e-08
-2.50855e-08
6.57253e-13
-5.01709e-08
-1.19255e-06
-1.09221e-06
-6.90846e-07
4.92828e-06
5.91036e-05
0.000526611
0.00386817
0.0234877
0.119313
0.514542
1.91293
6.22243
17.9526
46.506
109.351
235.671
469.919
876.158
1541.77
2585.22
4174.27
6565.03
10178.8
15739.9
24529.8
38918.1
63054.8
104310
175315
296886
502044
842479
1.39921e+06
2.30003e+06
3.74623e+06
6.05377e+06
9.71745e+06
1.5506e+07
2.43914e+07
3.88235e+07
6.17072e+07
9.84141e+07
1.57037e+08
1.16298e+08
6.87003e+07
3.99797e+07
2.2726e+07
1.25231e+07
6.63874e+06
3.36236e+06
1.61563e+06
733983
324220
114450
19132.8
1268.07
39.3958
0.659483
0.00735433
8.17267e-05
1.44351e-06
6.97129e-08
-5.06545e-10
-2.91066e-09
-2.74726e-11
2.59544e-11
-1.02116e-11
-1.72517e-12
-9.87387e-11
3.55562e-11
4.19246e-11
2.35731e-11
4.204e-11
-1.54187e-12
3.58777e-11
3.54976e-11
4.20122e-11
-4.81522e-14
3.58821e-11
-6.18352e-12
4.20642e-11
-2.18443e-06
1.60468e-16
-4.89944e-11
-2.18442e-06
-1.9598e-10
2.56747e-15
-1.75841e-10
-2.18442e-06
-2.18442e-06
-2.18599e-06
-3.13564e-09
-6.27128e-09
-6.27136e-09
-2.18442e-06
-2.19005e-06
-2.19568e-06
-2.50851e-08
-3.53822e-17
-3.47924e-16
-1.09221e-06
-1.19255e-06
-6.90845e-07
4.33778e-06
6.42326e-05
0.000574419
0.00418514
0.0251913
0.126855
0.542285
1.99876
6.44739
18.4515
47.4261
110.678
236.813
468.962
868.697
1519.18
2532.33
4065.81
6359.59
9807.35
15088.5
23400.7
36873.3
59437.1
97870.2
163887
276879
467718
784781
1.30387e+06
2.14452e+06
3.49512e+06
5.65168e+06
9.0781e+06
1.45021e+07
2.28289e+07
3.63464e+07
5.77748e+07
9.21131e+07
1.47494e+08
1.24868e+08
7.38894e+07
4.31416e+07
2.46391e+07
1.36607e+07
7.29768e+06
3.72943e+06
1.81081e+06
831234
367725
141271
27527.4
2138.51
74.1953
1.34752
0.0154182
0.000162269
2.56995e-06
7.81595e-08
-6.55816e-10
-6.347e-09
-3.12519e-09
-1.53687e-09
-7.94539e-10
-1.88386e-12
-1.5473e-10
-3.53986e-13
1.12319e-11
-6.54824e-14
2.97301e-11
-7.72624e-12
4.12953e-11
-6.35721e-12
-8.66786e-14
-6.21019e-12
-1.08582e-14
4.20624e-11
3.58807e-11
-3.06215e-12
-2.18445e-06
6.41872e-16
0
1.28374e-15
-2.18462e-06
-3.91955e-10
-7.8392e-10
-2.18513e-06
-2.18529e-06
-1.72895e-09
-2.18442e-06
8.21589e-14
-5.62676e-09
-1.25426e-08
-2.18442e-06
-2.50855e-08
-2.2346e-06
-2.2346e-06
-1.09221e-06
-1.19255e-06
5.01708e-07
5.24086e-06
7.26163e-05
0.000637793
0.00460086
0.0274496
0.136822
0.578996
2.113
6.75052
19.1401
48.7577
112.813
239.405
470.43
865.069
1502.42
2488.09
3970.22
6173.59
9466.19
14481.3
22337.5
35024.8
56061.5
91862.1
153208
258117
435390
730201
1.21331e+06
1.99618e+06
3.25456e+06
5.26469e+06
8.45946e+06
1.35176e+07
2.12873e+07
3.38754e+07
5.38365e+07
8.57799e+07
1.37396e+08
1.33708e+08
7.92716e+07
4.6446e+07
2.6657e+07
1.48735e+07
8.00873e+06
4.13103e+06
2.02772e+06
941413
417649
173067
38815
3638.46
143.03
2.85085
0.0338129
0.000338405
4.70701e-06
1.12467e-07
1.16057e-08
-1.07275e-10
-1.40089e-09
-1.85201e-11
-3.56541e-10
-3.58125e-10
-1.60981e-10
4.16843e-11
-1.73381e-11
-1.23189e-11
-1.23376e-11
3.89911e-11
4.1295e-11
-2.13199e-13
-6.37574e-12
-4.81974e-14
-1.08666e-14
3.58789e-11
4.20649e-11
-3.06219e-12
-1.09899e-11
-2.18447e-06
-2.18442e-06
-2.18442e-06
-2.18442e-06
0
-2.18442e-06
-2.18599e-06
-1.84282e-19
-3.13568e-09
0
-7.37128e-19
-2.19697e-06
-5.62676e-09
-1.12535e-08
-2.50851e-08
-2.94851e-17
-2.21209e-06
-1.09221e-06
-9.22059e-14
-4.90162e-07
6.34461e-06
8.15144e-05
0.000719363
0.00514556
0.0303515
0.149752
0.626402
2.26024
7.14222
20.0388
50.5364
115.814
243.553
474.543
865.763
1492.56
2454.84
3892.14
6015.84
9171.35
13951.5
21399.8
33373.8
53178.6
86570.1
143788
241511
406660
681501
1.13223e+06
1.86304e+06
3.0383e+06
4.91662e+06
7.90375e+06
1.26368e+07
1.99648e+07
3.14598e+07
5.00857e+07
7.97743e+07
1.27702e+08
1.42183e+08
8.44449e+07
4.96406e+07
2.86239e+07
1.60679e+07
8.71773e+06
4.53735e+06
2.25095e+06
1.05723e+06
471925
204471
52713.6
6098.88
276.208
6.13865
0.0770193
0.000746863
9.12995e-06
2.18298e-07
-1.31627e-09
-6.44994e-09
-3.17793e-09
-1.58167e-09
-1.15462e-11
-2.18353e-10
-4.68112e-11
-4.1095e-13
3.08992e-11
3.5237e-11
-6.1561e-12
3.5869e-11
-3.48955e-13
-2.13326e-13
3.56899e-11
4.20439e-11
4.20549e-11
3.58822e-11
-6.18416e-12
-2.18442e-06
-2.44974e-11
6.41866e-16
-1.15176e-20
-8.79194e-11
-2.18451e-06
-4.60705e-20
-7.8392e-10
-2.18442e-06
-2.18442e-06
-2.18583e-06
-3.4579e-09
-6.27128e-09
-6.9158e-09
-1.25426e-08
-2.50851e-08
-2.50855e-08
-2.2346e-06
-2.76632e-08
-1.09221e-06
-1.0472e-06
-3.8982e-07
8.74127e-06
9.54169e-05
0.000824613
0.00583007
0.033982
0.165507
0.684353
2.43854
7.61332
21.1172
52.6833
119.517
248.976
480.934
870.503
1489.89
2434.3
3836.38
5896.89
8943.5
13537.3
20663.1
32068.4
50861.3
82524
136400
228350
383727
642365
1.0666e+06
1.75442e+06
2.86018e+06
4.62656e+06
7.43382e+06
1.18777e+07
1.87888e+07
2.95631e+07
4.70205e+07
7.48047e+07
1.19577e+08
1.49105e+08
8.87129e+07
5.23051e+07
3.0284e+07
1.70891e+07
9.33268e+06
4.89639e+06
2.45202e+06
1.16406e+06
523917
231634
67349.5
9626.54
507.233
12.6156
0.167982
0.00158044
1.71202e-05
3.42916e-07
1.08077e-08
-3.03318e-09
-1.46031e-09
-7.18404e-10
-3.95884e-10
-3.52246e-10
-1.96979e-10
-6.61274e-12
3.56986e-11
-1.85103e-11
-8.96393e-12
-7.57094e-12
3.5111e-11
-6.35755e-12
-6.28996e-12
-4.33135e-14
-6.20755e-12
-4.89231e-17
-6.18416e-12
-3.06219e-12
-2.44972e-11
-2.70148e-11
-5.40297e-11
-2.18462e-06
-2.18451e-06
-1.75841e-10
0
-2.18599e-06
-2.18599e-06
4.10798e-14
0
-6.27128e-09
-1.47426e-18
-1.25427e-08
-2.20951e-06
-2.50851e-08
-2.20693e-06
-2.18442e-06
-1.00342e-07
-9.91869e-07
9.03075e-07
9.4552e-06
0.000110692
0.000950468
0.00662253
0.0379973
0.182104
0.741814
2.61134
8.05943
22.1175
54.6444
122.878
253.955
487.126
876.249
1491.48
2425.08
3805.44
5826.92
8806.46
13285.9
20214.2
31271.1
49438.2
79965.9
131913
220444
369975
618881
1.02717e+06
1.68905e+06
2.75286e+06
4.4516e+06
7.15023e+06
1.14202e+07
1.80774e+07
2.84259e+07
4.51747e+07
7.17985e+07
1.14638e+08
1.532e+08
9.12849e+07
5.39243e+07
3.13033e+07
1.77241e+07
9.72072e+06
5.12734e+06
2.58415e+06
1.23606e+06
560052
248290
82772.8
13298.5
822.25
23.472
0.348471
0.00339233
3.41032e-05
5.8445e-07
3.16605e-09
-7.17959e-09
-1.74085e-09
-8.86999e-10
-6.05439e-12
-3.94426e-10
-1.97018e-10
-5.63668e-11
2.06974e-13
2.90489e-11
4.20322e-11
-1.39547e-14
-6.53272e-12
-6.35759e-12
-6.27031e-12
-5.31538e-14
4.20524e-11
-6.1889e-12
4.2065e-11
)
;

boundaryField
{
    fuel
    {
        type            calculated;
        value           uniform 0;
    }
    air
    {
        type            calculated;
        value           uniform 0;
    }
    outlet
    {
        type            calculated;
        value           uniform 0;
    }
    frontAndBack
    {
        type            empty;
    }
}


// ************************************************************************* //
