/*--------------------------------*- C++ -*----------------------------------*\
  =========                 |
  \\      /  F ield         | OpenFOAM: The Open Source CFD Toolbox
   \\    /   O peration     | Website:  https://openfoam.org
    \\  /    A nd           | Version:  8
     \\/     M anipulation  |
\*---------------------------------------------------------------------------*/
FoamFile
{
    version     2.0;
    format      ascii;
    class       volScalarField;
    location    "160/fluid";
    object      CO2;
}
// * * * * * * * * * * * * * * * * * * * * * * * * * * * * * * * * * * * * * //

dimensions      [0 0 0 0 0 0 0];

internalField   nonuniform List<scalar> 
4000
(
3.84905e-07
1.68045e-06
3.85207e-06
7.4759e-06
1.34916e-05
2.34168e-05
3.9673e-05
6.60713e-05
0.000108511
0.000175945
0.00028165
0.000444752
0.000691877
0.00105852
0.00158953
0.00233797
0.00336153
0.00471654
0.00645044
0.00859475
0.0111608
0.014139
0.0175018
0.0212082
0.0252092
0.0294517
0.0338827
0.0384507
0.0431082
0.0478118
0.0525229
0.0572078
0.0618375
0.0663878
0.0708388
0.0751743
0.0793818
0.0834519
0.0873774
0.0911537
0.0947783
0.0982504
0.101571
0.10474
0.107761
0.110637
0.113371
0.115965
0.118425
0.120753
0.122952
0.125025
0.126975
0.128802
0.130508
0.132091
0.13355
0.134878
0.136071
0.137116
0.138001
0.138704
0.139198
0.139445
0.139403
0.139
0.138137
0.13667
0.129152
0.118732
0.108233
0.097784
0.0874908
0.0774441
0.0677227
0.0583974
0.0495343
0.0411979
0.0334736
0.0263887
0.0200475
0.0145377
0.00994584
0.0063413
0.00373233
0.00202258
0.00101521
0.000480815
0.000219477
9.75405e-05
4.25077e-05
1.82569e-05
7.75515e-06
3.26495e-06
1.36289e-06
5.62593e-07
2.27482e-07
8.76411e-08
2.94222e-08
5.16762e-09
3.91504e-07
1.71028e-06
3.92471e-06
7.62791e-06
1.37889e-05
2.39738e-05
4.06824e-05
6.78449e-05
0.000111533
0.000180933
0.000289607
0.000456995
0.000709991
0.00108423
0.00162446
0.00238332
0.00341774
0.0047831
0.00652595
0.00867737
0.0112487
0.0142309
0.0175973
0.0213079
0.0253144
0.0295642
0.0340042
0.038583
0.0432525
0.0479688
0.0526927
0.0573901
0.0620316
0.0665927
0.0710531
0.0753967
0.0796109
0.0836861
0.0876153
0.0913939
0.0950195
0.0984915
0.10181
0.104978
0.107996
0.110868
0.113597
0.116187
0.118641
0.120962
0.123155
0.125221
0.127163
0.128982
0.130679
0.132252
0.133699
0.135014
0.13619
0.137216
0.138076
0.138749
0.139207
0.139414
0.139334
0.13891
0.138085
0.136807
0.127566
0.117006
0.106409
0.0958852
0.0855342
0.0754426
0.0656888
0.0563447
0.0474792
0.0391617
0.0315022
0.024501
0.0182952
0.0129793
0.00864297
0.0053418
0.0030455
0.00160587
0.000791459
0.000373099
0.000170731
7.64274e-05
3.36399e-05
1.46109e-05
6.27816e-06
2.67311e-06
1.12799e-06
4.70418e-07
1.92019e-07
7.45902e-08
2.51972e-08
4.44018e-09
4.01641e-07
1.75523e-06
4.03068e-06
7.84083e-06
1.4187e-05
2.46867e-05
4.19189e-05
6.99305e-05
0.000114958
0.00018641
0.000298127
0.000469871
0.000728873
0.00111106
0.00166135
0.00243233
0.0034806
0.00486091
0.00661904
0.00878529
0.0113705
0.0143656
0.0177442
0.0214667
0.0254855
0.0297486
0.0342033
0.0387982
0.043485
0.0482195
0.0529621
0.0576782
0.0623378
0.066916
0.0713922
0.07575
0.0799764
0.0840619
0.0879993
0.0917839
0.0954136
0.0988878
0.102207
0.105373
0.108388
0.111256
0.113979
0.116562
0.119008
0.121321
0.123503
0.125559
0.127488
0.129294
0.130976
0.132531
0.133958
0.13525
0.136396
0.137385
0.138197
0.138806
0.139171
0.139249
0.138976
0.138264
0.137004
0.135083
0.124663
0.114055
0.10341
0.0928535
0.0824902
0.0724111
0.0626977
0.0534258
0.0446685
0.0365005
0.0290319
0.0222781
0.0163739
0.0114071
0.0074493
0.0045193
0.00253927
0.00132775
0.000652874
0.000308269
0.000141452
6.34936e-05
2.80085e-05
1.2183e-05
5.23892e-06
2.23111e-06
9.41381e-07
3.92536e-07
1.60228e-07
6.2255e-08
2.10375e-08
3.70835e-09
4.11478e-07
1.79833e-06
4.13018e-06
8.0355e-06
1.45407e-05
2.53024e-05
4.29588e-05
7.16444e-05
0.000117721
0.00019077
0.00030486
0.000480045
0.000743896
0.0011327
0.00169171
0.00247371
0.00353536
0.00493121
0.0067067
0.00889167
0.0114965
0.0145118
0.0179109
0.0216543
0.0256943
0.029979
0.0344556
0.0390727
0.0437821
0.0485392
0.0533043
0.0580424
0.0627232
0.0673215
0.0718164
0.076191
0.0804324
0.0845306
0.0884783
0.0922712
0.0959068
0.0993847
0.102705
0.105871
0.108884
0.111747
0.114465
0.11704
0.119477
0.121779
0.12395
0.125992
0.127907
0.129696
0.131359
0.132894
0.134297
0.13556
0.136673
0.137622
0.138382
0.138925
0.1392
0.139155
0.138693
0.137665
0.135834
0.131716
0.121203
0.11052
0.0998313
0.0892665
0.0789325
0.0689211
0.0593143
0.0501887
0.041619
0.0336905
0.0264598
0.0200237
0.0144716
0.00988339
0.0063122
0.00374349
0.00206105
0.00106112
0.000516715
0.000243238
0.0001116
5.01822e-05
2.22012e-05
9.69164e-06
4.18376e-06
1.78862e-06
7.57401e-07
3.16825e-07
1.29668e-07
5.04856e-08
1.70843e-08
3.01338e-09
4.20719e-07
1.83875e-06
4.2232e-06
8.21703e-06
1.48701e-05
2.58767e-05
4.39334e-05
7.32634e-05
0.00012036
0.000194988
0.000311473
0.000490192
0.000759107
0.00115493
0.00172332
0.00251736
0.00359381
0.00500711
0.00680232
0.00900877
0.0116364
0.0146752
0.0180984
0.0218664
0.0259312
0.0302409
0.0347428
0.0393854
0.0441202
0.0489024
0.0536921
0.0584539
0.0631575
0.0677771
0.0722916
0.076684
0.0809411
0.0850527
0.0890116
0.0928132
0.0964553
0.0999373
0.10326
0.106425
0.109436
0.112295
0.115006
0.117573
0.12
0.122291
0.124448
0.126475
0.128374
0.130144
0.131787
0.133298
0.134675
0.135908
0.136986
0.137895
0.138611
0.139103
0.139333
0.139264
0.138835
0.137984
0.136668
0.128276
0.117544
0.106748
0.0960195
0.0854728
0.0752058
0.0653053
0.0558504
0.0469154
0.0385735
0.0309357
0.0240029
0.0179051
0.0127219
0.00852051
0.00532974
0.00309896
0.00167891
0.000854874
0.00041437
0.000194755
8.93667e-05
4.0224e-05
1.78191e-05
7.78957e-06
3.36716e-06
1.44125e-06
6.10936e-07
2.55772e-07
1.04746e-07
4.07995e-08
1.38098e-08
2.43585e-09
4.29214e-07
1.87585e-06
4.3084e-06
8.38286e-06
1.51703e-05
2.6399e-05
4.48187e-05
7.47339e-05
0.000122758
0.000198833
0.000317524
0.00049953
0.000773215
0.00117576
0.00175329
0.00255934
0.00365091
0.00508246
0.00689881
0.00912881
0.0117818
0.0148472
0.0182978
0.0220935
0.0261862
0.0305239
0.0350535
0.0397235
0.0444851
0.0492935
0.0541085
0.0588945
0.0636208
0.0682616
0.0727954
0.0772052
0.0814775
0.0856021
0.0895716
0.0933816
0.0970298
0.100516
0.10384
0.107004
0.110012
0.112866
0.11557
0.118128
0.120545
0.122823
0.124967
0.126978
0.128858
0.130608
0.132228
0.133713
0.135059
0.136257
0.137293
0.138148
0.138797
0.139197
0.139308
0.139062
0.138371
0.137122
0.135201
0.124538
0.113711
0.102876
0.0921614
0.0816768
0.0715159
0.0617622
0.0524922
0.0437788
0.0356945
0.0283287
0.0217179
0.0159679
0.0111517
0.00732383
0.00448751
0.00255903
0.00136444
0.000686828
0.000331178
0.000155274
7.12042e-05
3.20651e-05
1.42219e-05
6.22714e-06
2.69662e-06
1.15631e-06
4.90962e-07
2.05831e-07
8.4384e-08
3.28915e-08
1.11376e-08
1.96456e-09
4.37178e-07
1.91065e-06
4.38838e-06
8.53876e-06
1.54532e-05
2.68927e-05
4.56587e-05
7.61362e-05
0.000125059
0.000202545
0.000323406
0.000508672
0.000787126
0.00119643
0.00178325
0.00260153
0.0037086
0.00515897
0.00699722
0.00925173
0.0119312
0.0150246
0.0185039
0.0223288
0.0264508
0.0308176
0.035376
0.0400741
0.0448631
0.0496979
0.054538
0.0593478
0.0640963
0.0687575
0.0733098
0.0777359
0.0820223
0.0861587
0.0901378
0.0939551
0.0976084
0.101097
0.104422
0.107585
0.110588
0.113437
0.116134
0.118683
0.121088
0.123353
0.125481
0.127476
0.129337
0.131066
0.132661
0.134118
0.135432
0.136592
0.137582
0.138382
0.13896
0.139264
0.139246
0.138802
0.137784
0.135941
0.131414
0.120732
0.109894
0.0990768
0.0884169
0.0780252
0.0679946
0.0584068
0.0493361
0.0408534
0.0330431
0.0259448
0.0196519
0.014241
0.00977756
0.0063006
0.00378676
0.0021223
0.00111634
0.000556734
0.000267371
0.000125122
5.73446e-05
2.58291e-05
1.14637e-05
5.02408e-06
2.1779e-06
9.34859e-07
3.97308e-07
1.66694e-07
6.83749e-08
2.6659e-08
9.028e-09
1.59224e-09
4.44697e-07
1.94351e-06
4.46393e-06
8.6861e-06
1.57208e-05
2.73602e-05
4.64557e-05
7.74693e-05
0.000127252
0.000206093
0.000329048
0.000517478
0.000800586
0.00121654
0.00181252
0.00264299
0.0037656
0.00523494
0.00709539
0.00937486
0.0120814
0.0152033
0.0187121
0.0225668
0.0267185
0.0311147
0.0357019
0.0404281
0.0452441
0.0501046
0.0549691
0.0598016
0.0645711
0.0692513
0.0738206
0.0782616
0.0825607
0.0867075
0.0906948
0.0945182
0.0981753
0.101666
0.10499
0.10815
0.11115
0.113992
0.11668
0.119219
0.121612
0.123864
0.125977
0.127953
0.129795
0.131502
0.133072
0.134501
0.135783
0.136906
0.137856
0.13861
0.139139
0.139403
0.139371
0.138983
0.138181
0.136929
0.128077
0.117215
0.10631
0.0954988
0.0848993
0.0746111
0.0647207
0.0553052
0.0464358
0.0381807
0.0306437
0.0238187
0.0178256
0.0127331
0.00859771
0.00544054
0.0032116
0.00177187
0.000920786
0.000455375
0.00021788
0.000101766
4.66051e-05
2.09916e-05
9.32106e-06
4.08817e-06
1.77381e-06
7.62119e-07
3.24173e-07
1.36101e-07
5.58513e-08
2.17814e-08
7.37645e-09
1.30075e-09
4.51838e-07
1.97472e-06
4.53575e-06
8.82631e-06
1.59757e-05
2.78065e-05
4.72179e-05
7.87471e-05
0.00012936
0.000209514
0.000334504
0.00052602
0.000813683
0.00123616
0.00184117
0.00268366
0.00382163
0.00530976
0.00719222
0.00949646
0.0122299
0.0153802
0.0189181
0.0228023
0.0269834
0.0314085
0.0360239
0.0407772
0.0456192
0.0505044
0.055392
0.0602458
0.0650347
0.0697324
0.0743171
0.0787713
0.0830814
0.0872371
0.0912313
0.0950593
0.098719
0.10221
0.105533
0.10869
0.111684
0.114519
0.117198
0.119726
0.122108
0.124345
0.126442
0.128401
0.130222
0.131906
0.13345
0.134849
0.136095
0.137175
0.13807
0.138756
0.139191
0.139334
0.139127
0.138481
0.137289
0.135455
0.124725
0.113823
0.102922
0.0921563
0.0816406
0.0714701
0.0617278
0.0524878
0.0438192
0.0357888
0.0284851
0.0219289
0.0162219
0.011428
0.00759485
0.00472523
0.00274436
0.00149336
0.000768054
0.000377181
0.000179906
8.38879e-05
3.83876e-05
1.72872e-05
7.67774e-06
3.36895e-06
1.46261e-06
6.28802e-07
2.67615e-07
1.12403e-07
4.61372e-08
1.79946e-08
6.09358e-09
1.07429e-09
4.58604e-07
2.00431e-06
4.60385e-06
8.95932e-06
1.62178e-05
2.82306e-05
4.79432e-05
7.9965e-05
0.000131372
0.000212785
0.000339733
0.000534221
0.000826283
0.00125507
0.00186884
0.00272301
0.00387592
0.00538235
0.00728625
0.00961462
0.0123743
0.0155521
0.0191184
0.0230311
0.0272405
0.0316935
0.0363358
0.0411151
0.0459816
0.0508899
0.0557989
0.0606724
0.0654791
0.0701925
0.0747909
0.0792566
0.0835761
0.0877392
0.0917387
0.0955701
0.0992311
0.102721
0.106042
0.109195
0.112183
0.11501
0.11768
0.120198
0.122566
0.124789
0.12687
0.128811
0.130613
0.132274
0.133792
0.135162
0.136373
0.137411
0.138254
0.138871
0.139208
0.13922
0.138806
0.137823
0.136052
0.132384
0.121605
0.110691
0.0998128
0.0891061
0.078681
0.06863
0.0590333
0.0499629
0.0414863
0.0336698
0.026575
0.0202714
0.01483
0.0103106
0.0067509
0.00413539
0.00236713
0.00127266
0.000648686
0.000316827
0.000150691
7.01512e-05
3.20745e-05
1.44395e-05
6.41323e-06
2.81482e-06
1.22252e-06
5.25807e-07
2.23867e-07
9.40526e-08
3.86091e-08
1.50586e-08
5.0987e-09
8.98667e-10
4.64977e-07
2.03218e-06
4.66801e-06
9.08471e-06
1.64462e-05
2.8631e-05
4.86288e-05
8.11176e-05
0.000133279
0.000215889
0.000344701
0.000542025
0.000838289
0.00127312
0.00189526
0.00276061
0.00392782
0.00545176
0.00737618
0.00972762
0.0125123
0.0157164
0.0193096
0.0232494
0.0274858
0.0319649
0.0366326
0.041436
0.0463254
0.0512551
0.0561837
0.061075
0.0658976
0.070625
0.0752353
0.0797109
0.0840383
0.0882074
0.092211
0.0960446
0.0997059
0.103195
0.106512
0.10966
0.112642
0.115461
0.118121
0.120628
0.122984
0.125193
0.127258
0.129181
0.130964
0.132604
0.134099
0.135443
0.136627
0.137636
0.138449
0.139037
0.139351
0.139357
0.138967
0.138077
0.136536
0.129674
0.118816
0.107879
0.0970223
0.0863729
0.0760352
0.0660975
0.0566367
0.047722
0.0394189
0.0318106
0.0249198
0.0188406
0.0136376
0.00936444
0.00604736
0.0036527
0.00206419
0.00109828
0.000555504
0.000270243
0.000128215
5.95961e-05
2.72241e-05
1.22503e-05
5.44007e-06
2.38783e-06
1.03726e-06
4.46229e-07
1.90024e-07
7.98426e-08
3.27752e-08
1.27823e-08
4.32727e-09
7.62479e-10
4.70912e-07
2.05813e-06
4.72778e-06
9.20159e-06
1.66591e-05
2.90047e-05
4.92691e-05
8.2195e-05
0.000135063
0.000218796
0.000349358
0.000549348
0.000849563
0.00129007
0.0019201
0.00279598
0.00397665
0.00551706
0.00746077
0.00983386
0.012642
0.0158707
0.0194891
0.0234542
0.0277155
0.032219
0.03691
0.0417357
0.046646
0.051595
0.0565413
0.0614486
0.0662853
0.071025
0.0756456
0.0801296
0.0844635
0.0886372
0.0926437
0.0964785
0.100139
0.103626
0.106939
0.110082
0.113057
0.115868
0.118519
0.121014
0.123358
0.125553
0.127602
0.129508
0.131271
0.132889
0.13436
0.135677
0.136831
0.137807
0.138587
0.139144
0.139435
0.139438
0.13909
0.138327
0.137098
0.127325
0.116356
0.105384
0.0945439
0.083948
0.073693
0.0638616
0.0545267
0.0457551
0.0376105
0.0301823
0.0234783
0.0176063
0.0126198
0.00856727
0.00546391
0.00325937
0.00182151
0.000960575
0.000482687
0.00023404
0.000110801
5.14323e-05
2.34752e-05
1.05584e-05
4.68769e-06
2.0575e-06
8.93821e-07
3.84563e-07
1.63777e-07
6.88149e-08
2.82457e-08
1.10146e-08
3.72817e-09
6.56714e-10
4.7636e-07
2.08196e-06
4.78266e-06
9.3089e-06
1.68547e-05
2.93482e-05
4.98579e-05
8.31866e-05
0.000136706
0.000221476
0.000353655
0.000556108
0.000859976
0.00130574
0.00194306
0.00282866
0.00402177
0.00557739
0.00753888
0.00993193
0.0127616
0.0160129
0.0196545
0.0236427
0.0279268
0.0324523
0.0371646
0.0420103
0.0469394
0.0519056
0.0568677
0.061789
0.0666381
0.0713883
0.0760176
0.0805086
0.0848478
0.0890252
0.0930337
0.0968689
0.100529
0.104013
0.107322
0.110459
0.113427
0.11623
0.118872
0.121356
0.123687
0.125868
0.127902
0.12979
0.131533
0.133128
0.134572
0.135857
0.136971
0.137899
0.138617
0.13909
0.139277
0.139132
0.138571
0.137491
0.135783
0.125011
0.114062
0.10312
0.0923275
0.0817996
0.0716315
0.0619039
0.0526881
0.0440489
0.0360485
0.0287657
0.0222325
0.0165473
0.0117569
0.00790041
0.00498315
0.0029404
0.00162763
0.000851892
0.00042572
0.000205839
9.72707e-05
4.50969e-05
2.05673e-05
9.24604e-06
4.10397e-06
1.80109e-06
7.82421e-07
3.36641e-07
1.43369e-07
6.02363e-08
2.47215e-08
9.63908e-09
3.26206e-09
5.74434e-10
4.81264e-07
2.10341e-06
4.83207e-06
9.40556e-06
1.7031e-05
2.96579e-05
5.03891e-05
8.40814e-05
0.00013819
0.000223897
0.000357539
0.000562221
0.000869397
0.00131991
0.00196383
0.00285825
0.00406261
0.00563196
0.0076095
0.0100205
0.0128696
0.0161413
0.0198036
0.0238125
0.028117
0.0326622
0.0373933
0.0422568
0.0472024
0.0521839
0.0571597
0.0620932
0.0669528
0.071712
0.0763486
0.0808453
0.0851888
0.0893689
0.0933786
0.0972136
0.100872
0.104353
0.107658
0.11079
0.113751
0.116546
0.119179
0.121653
0.123973
0.126141
0.12816
0.130032
0.131756
0.133329
0.134747
0.136
0.137075
0.137953
0.138604
0.138982
0.139047
0.138722
0.137902
0.136444
0.134016
0.123108
0.112107
0.101165
0.0904078
0.0799403
0.0698522
0.0602209
0.0511153
0.042599
0.0347333
0.0275824
0.0212101
0.0156709
0.0110411
0.00735229
0.00459237
0.00268429
0.00147375
0.000766424
0.000381214
0.000183875
8.67497e-05
4.01742e-05
1.83083e-05
8.2264e-06
3.65026e-06
1.6017e-06
6.95742e-07
2.99334e-07
1.27474e-07
5.35529e-08
2.19757e-08
8.56734e-09
2.89897e-09
5.10347e-10
4.85571e-07
2.12225e-06
4.87548e-06
9.49049e-06
1.7186e-05
2.99301e-05
5.08564e-05
8.48692e-05
0.000139496
0.000226031
0.000360963
0.000567613
0.00087771
0.00133243
0.00198217
0.00288435
0.00409863
0.00568008
0.00767175
0.0100986
0.0129647
0.0162542
0.0199347
0.0239617
0.0282839
0.0328464
0.0375939
0.0424728
0.0474326
0.0524272
0.0574147
0.0623585
0.0672271
0.0719937
0.0766363
0.0811376
0.0854844
0.0896664
0.0936768
0.0975112
0.101168
0.104646
0.107947
0.111073
0.114029
0.116817
0.119441
0.121906
0.124215
0.126372
0.128379
0.130237
0.131945
0.133501
0.134898
0.136128
0.137176
0.13802
0.13863
0.138953
0.138951
0.138533
0.137582
0.135933
0.132308
0.1214
0.110408
0.0994908
0.0887751
0.0783653
0.0683492
0.0588028
0.0497941
0.0413872
0.0336473
0.0266389
0.0203974
0.0149915
0.0104763
0.00691297
0.00427993
0.00248101
0.00135261
0.000699602
0.000346584
0.000166822
7.85887e-05
3.63569e-05
1.65564e-05
7.4353e-06
3.29806e-06
1.44683e-06
6.28379e-07
2.70326e-07
1.1511e-07
4.83527e-08
1.98391e-08
7.73344e-09
2.6165e-09
4.60495e-10
4.89233e-07
2.13827e-06
4.91239e-06
9.56274e-06
1.73178e-05
3.01619e-05
5.12544e-05
8.55405e-05
0.000140611
0.000227851
0.000363886
0.000572217
0.000884809
0.00134311
0.00199784
0.00290665
0.00412939
0.00572116
0.00772487
0.0101652
0.0130458
0.0163505
0.0200463
0.0240887
0.028426
0.0330029
0.0377642
0.042656
0.0476279
0.0526333
0.0576306
0.062583
0.0674588
0.0722314
0.0768789
0.0813838
0.085733
0.0899164
0.0939269
0.0977605
0.101415
0.10489
0.108188
0.11131
0.11426
0.117041
0.119658
0.122116
0.124416
0.126564
0.12856
0.130407
0.132103
0.133646
0.135031
0.136248
0.137283
0.138116
0.138718
0.139038
0.139046
0.138657
0.137765
0.13623
0.131011
0.120043
0.109032
0.0981237
0.0874375
0.0770727
0.0671141
0.0576364
0.0487075
0.0403915
0.0327465
0.0258122
0.0196713
0.0143864
0.0100104
0.00655883
0.00403052
0.00232071
0.00125801
0.000647781
0.000319846
0.000153678
7.23032e-05
3.3417e-05
1.52067e-05
6.82555e-06
3.02643e-06
1.32731e-06
5.76362e-07
2.47914e-07
1.05554e-07
4.43329e-08
1.81874e-08
7.08887e-09
2.3982e-09
4.21974e-10
4.92209e-07
2.15129e-06
4.9424e-06
9.62148e-06
1.7425e-05
3.03506e-05
5.15785e-05
8.60874e-05
0.000141519
0.000229336
0.00036627
0.000575976
0.000890606
0.00135184
0.00201063
0.00292486
0.00415451
0.00575471
0.00776823
0.0102195
0.0131119
0.0164289
0.0201373
0.0241922
0.0285416
0.0331303
0.0379028
0.042805
0.0477865
0.0528006
0.0578056
0.0627648
0.0676464
0.0724237
0.0770748
0.0815824
0.0859333
0.0901175
0.094128
0.0979606
0.101613
0.105086
0.10838
0.111498
0.114443
0.11722
0.119831
0.122282
0.124575
0.126715
0.128703
0.130542
0.13223
0.133765
0.135142
0.136353
0.137385
0.138219
0.138831
0.139175
0.139226
0.138913
0.13815
0.136822
0.130031
0.118992
0.107954
0.097047
0.0863831
0.0760567
0.0661489
0.0567307
0.0478661
0.0396097
0.0320203
0.025164
0.0191077
0.0139129
0.00962993
0.00628386
0.0038381
0.0021976
0.00118579
0.000608403
0.000299584
0.000143726
6.75443e-05
3.11904e-05
1.4184e-05
6.36323e-06
2.82035e-06
1.23658e-06
5.36856e-07
2.30887e-07
9.82918e-08
4.1278e-08
1.69323e-08
6.5992e-09
2.2324e-09
3.92722e-10
4.94465e-07
2.16116e-06
4.96515e-06
9.66605e-06
1.75064e-05
3.04938e-05
5.18248e-05
8.65034e-05
0.00014221
0.000230467
0.000368088
0.000578842
0.00089503
0.00135851
0.0020204
0.00293877
0.00417369
0.00578032
0.00780132
0.010261
0.0131624
0.0164888
0.0202067
0.024271
0.0286297
0.0332274
0.0380082
0.0429183
0.047907
0.0529277
0.0579385
0.0629026
0.0677884
0.0725691
0.0772228
0.0817323
0.0860844
0.090269
0.0942792
0.0981109
0.101762
0.105233
0.108524
0.111639
0.11458
0.117352
0.119959
0.122404
0.124692
0.126826
0.128808
0.13064
0.132321
0.13385
0.135221
0.136427
0.137457
0.138292
0.138909
0.139267
0.13934
0.139066
0.138361
0.13712
0.12922
0.118163
0.107125
0.0962332
0.0855946
0.0753003
0.0654273
0.0560456
0.047218
0.0390089
0.0314774
0.0246817
0.0186896
0.0135625
0.00934911
0.00607158
0.00369531
0.00210701
0.00113277
0.000579549
0.000284757
0.000136446
6.40642e-05
2.95622e-05
1.3436e-05
6.02512e-06
2.66963e-06
1.17022e-06
5.07963e-07
2.18436e-07
9.29829e-08
3.90455e-08
1.60156e-08
6.24174e-09
2.11142e-09
3.71386e-10
4.95976e-07
2.16777e-06
4.98039e-06
9.69591e-06
1.7561e-05
3.05899e-05
5.199e-05
8.67825e-05
0.000142675
0.000231226
0.00036931
0.000580771
0.000898008
0.00136299
0.00202699
0.00294815
0.00418664
0.00579761
0.00782368
0.010289
0.0131965
0.0165292
0.0202536
0.0243243
0.0286893
0.0332929
0.0380795
0.0429949
0.0479884
0.0530133
0.0580279
0.0629952
0.0678835
0.0726661
0.0773214
0.0818323
0.0861852
0.09037
0.09438
0.0982109
0.101861
0.10533
0.108619
0.111731
0.11467
0.117439
0.120042
0.122483
0.124767
0.126896
0.128874
0.1307
0.132377
0.1339
0.135266
0.136467
0.137491
0.138322
0.138936
0.139293
0.139365
0.139092
0.138389
0.137153
0.128616
0.117565
0.106539
0.0956631
0.0850434
0.0747699
0.0649226
0.0555708
0.0467783
0.0386061
0.0311139
0.0243594
0.018411
0.0133297
0.00916362
0.00593294
0.00359977
0.00204673
0.00109751
0.000560284
0.000274836
0.000131571
6.17322e-05
2.84712e-05
1.2935e-05
5.79872e-06
2.56877e-06
1.12584e-06
4.88656e-07
2.10123e-07
8.94424e-08
3.75585e-08
1.54058e-08
6.00426e-09
2.03112e-09
3.57233e-10
4.96725e-07
2.17104e-06
4.98792e-06
9.71062e-06
1.75878e-05
3.0637e-05
5.20708e-05
8.69188e-05
0.000142901
0.000231596
0.000369904
0.000581706
0.000899451
0.00136517
0.00203018
0.00295269
0.00419291
0.005806
0.00783454
0.0103026
0.0132131
0.016549
0.0202765
0.0243505
0.0287186
0.0333253
0.0381147
0.0430328
0.0480287
0.0530558
0.0580721
0.0630408
0.0679301
0.0727137
0.0773698
0.0818814
0.0862349
0.0904199
0.0944297
0.0982603
0.10191
0.105378
0.108666
0.111777
0.114714
0.117481
0.120082
0.122521
0.124802
0.126929
0.128904
0.130727
0.1324
0.13392
0.135283
0.13648
0.1375
0.138326
0.138935
0.139287
0.139352
0.139071
0.138362
0.137125
0.128297
0.117244
0.106224
0.0953583
0.0847521
0.0744947
0.0646643
0.0553303
0.0465566
0.038404
0.0309323
0.0241992
0.0182732
0.013215
0.00907241
0.0058646
0.00355188
0.0020166
0.00108003
0.000550774
0.000269998
0.000129188
6.05913e-05
2.79371e-05
1.26896e-05
5.68774e-06
2.51928e-06
1.10404e-06
4.79158e-07
2.06028e-07
8.76957e-08
3.68239e-08
1.51042e-08
5.88663e-09
1.9913e-09
3.50214e-10
4.96729e-07
2.17106e-06
4.98796e-06
9.71069e-06
1.75879e-05
3.06372e-05
5.20712e-05
8.69194e-05
0.000142902
0.000231597
0.000369905
0.000581708
0.000899452
0.00136517
0.00203017
0.00295268
0.00419289
0.00580597
0.0078345
0.0103025
0.0132131
0.0165489
0.0202764
0.0243504
0.0287185
0.0333251
0.0381145
0.0430326
0.0480285
0.0530556
0.0580719
0.0630407
0.0679299
0.0727134
0.0773695
0.081881
0.0862345
0.0904195
0.0944293
0.0982598
0.101909
0.105377
0.108665
0.111776
0.114713
0.11748
0.120081
0.12252
0.124802
0.126928
0.128903
0.130727
0.1324
0.13392
0.135283
0.13648
0.1375
0.138327
0.138936
0.139287
0.139353
0.139071
0.138361
0.137124
0.128294
0.11724
0.10622
0.0953543
0.0847483
0.0744912
0.0646611
0.0553274
0.0465541
0.0384018
0.0309303
0.0241975
0.0182717
0.0132137
0.00907138
0.00586378
0.00355128
0.00201624
0.00107983
0.000550672
0.000269947
0.000129162
6.05787e-05
2.79311e-05
1.26869e-05
5.6865e-06
2.51872e-06
1.1038e-06
4.79056e-07
2.05985e-07
8.76778e-08
3.68166e-08
1.51013e-08
5.88551e-09
1.99091e-09
3.5015e-10
4.95988e-07
2.16782e-06
4.98051e-06
9.69614e-06
1.75614e-05
3.05906e-05
5.19911e-05
8.67842e-05
0.000142677
0.00023123
0.000369315
0.000580776
0.000898013
0.001363
0.00202698
0.00294814
0.00418661
0.00579755
0.00782358
0.0102888
0.0131963
0.0165289
0.0202532
0.024324
0.0286889
0.0332924
0.0380789
0.0429943
0.0479877
0.0530127
0.0580272
0.0629945
0.0678828
0.0726653
0.0773205
0.0818313
0.0861841
0.0903689
0.0943788
0.0982097
0.10186
0.105328
0.108618
0.11173
0.114668
0.117437
0.12004
0.122482
0.124765
0.126895
0.128872
0.130699
0.132375
0.133899
0.135266
0.136467
0.137492
0.138323
0.138937
0.139294
0.139365
0.13909
0.138386
0.137152
0.128607
0.117555
0.106527
0.0956515
0.0850323
0.0747598
0.0649135
0.0555626
0.046771
0.0385995
0.0311079
0.0243541
0.0184065
0.0133259
0.00916045
0.00593038
0.00359755
0.00204573
0.00109702
0.000560042
0.000274717
0.000131512
6.17045e-05
2.84583e-05
1.29292e-05
5.79613e-06
2.56763e-06
1.12535e-06
4.88447e-07
2.10035e-07
8.9406e-08
3.75436e-08
1.53998e-08
6.00192e-09
2.03029e-09
3.57099e-10
4.94487e-07
2.16125e-06
4.96537e-06
9.66647e-06
1.75072e-05
3.04951e-05
5.18269e-05
8.65068e-05
0.000142216
0.000230474
0.000368099
0.000578858
0.000895049
0.00135853
0.00202042
0.00293879
0.0041737
0.0057803
0.00780127
0.0102608
0.0131622
0.0164885
0.0202063
0.0242706
0.0286292
0.0332268
0.0380075
0.0429176
0.0479062
0.0529268
0.0579375
0.0629016
0.0677873
0.0725679
0.0772215
0.0817309
0.0860828
0.0902673
0.0942775
0.098109
0.10176
0.105231
0.108522
0.111636
0.114578
0.117349
0.119956
0.122401
0.124689
0.126823
0.128805
0.130637
0.132318
0.133847
0.135219
0.136425
0.137455
0.13829
0.138907
0.139265
0.139337
0.139061
0.138357
0.137121
0.129204
0.118147
0.107108
0.0962156
0.0855772
0.0752838
0.0654121
0.0560318
0.0472057
0.0389979
0.0314676
0.024673
0.018682
0.0135561
0.00934407
0.00606815
0.00369371
0.00210562
0.0011319
0.000579076
0.00028452
0.000136334
6.40119e-05
2.95385e-05
1.34255e-05
6.0205e-06
2.66764e-06
1.16938e-06
5.07609e-07
2.18289e-07
9.29228e-08
3.90213e-08
1.6006e-08
6.23803e-09
2.1101e-09
3.71175e-10
4.92241e-07
2.15143e-06
4.94271e-06
9.6221e-06
1.74261e-05
3.03525e-05
5.15816e-05
8.60926e-05
0.000141527
0.000229348
0.000366289
0.000576001
0.00089064
0.00135189
0.00201068
0.00292491
0.00415455
0.00575473
0.00776821
0.0102194
0.0131118
0.0164287
0.0201369
0.0241917
0.0285411
0.0331297
0.037902
0.0428041
0.0477854
0.0527995
0.0578044
0.0627634
0.0676449
0.0724221
0.0770731
0.0815806
0.0859314
0.0901154
0.0941257
0.0979581
0.101611
0.105083
0.108377
0.111495
0.11444
0.117216
0.119827
0.122277
0.124571
0.126711
0.128699
0.130537
0.132225
0.13376
0.135137
0.136348
0.137379
0.138214
0.138825
0.13917
0.139221
0.13891
0.13815
0.136827
0.130004
0.118967
0.107929
0.0970238
0.0863608
0.0760351
0.0661283
0.0567112
0.0478481
0.0395935
0.032006
0.0251514
0.0190966
0.0139036
0.00962249
0.00627834
0.0038342
0.00219517
0.00118443
0.000607699
0.000299243
0.000143566
6.74712e-05
3.11578e-05
1.41696e-05
6.35705e-06
2.81773e-06
1.23548e-06
5.36403e-07
2.30702e-07
9.82172e-08
4.12483e-08
1.69207e-08
6.59475e-09
2.23082e-09
3.92475e-10
4.89275e-07
2.13845e-06
4.91282e-06
9.56357e-06
1.73193e-05
3.01645e-05
5.12588e-05
8.55476e-05
0.000140622
0.000227869
0.000363912
0.000572255
0.000884861
0.00134318
0.00199792
0.00290675
0.00412949
0.00572126
0.00772493
0.0101652
0.0130457
0.0163503
0.020046
0.0240883
0.0284254
0.0330022
0.0377634
0.042655
0.0476267
0.052632
0.0576291
0.0625814
0.0674571
0.0722296
0.0768769
0.0813817
0.0857307
0.0899138
0.0939242
0.0977575
0.101412
0.104887
0.108184
0.111306
0.114255
0.117037
0.119654
0.12211
0.124411
0.126558
0.128554
0.1304
0.132096
0.133639
0.135023
0.13624
0.137275
0.138108
0.13871
0.139032
0.139042
0.138656
0.137767
0.136229
0.130964
0.120003
0.108996
0.0980916
0.0874083
0.0770459
0.0670893
0.057613
0.0486848
0.04037
0.0327277
0.0257959
0.0196572
0.0143745
0.0100008
0.00655121
0.00402537
0.00231757
0.00125624
0.000646872
0.000319409
0.000153474
7.22107e-05
3.33759e-05
1.51888e-05
6.81792e-06
3.02322e-06
1.32598e-06
5.75823e-07
2.47698e-07
1.05468e-07
4.42995e-08
1.81745e-08
7.08405e-09
2.39648e-09
4.21713e-10
4.85625e-07
2.12248e-06
4.87602e-06
9.49155e-06
1.71879e-05
2.99335e-05
5.0862e-05
8.48785e-05
0.000139511
0.000226054
0.000360999
0.000567666
0.000877784
0.00133253
0.0019823
0.00288451
0.0040988
0.00568026
0.00767191
0.0100987
0.0129648
0.0162542
0.0199345
0.0239614
0.0282834
0.0328457
0.037593
0.0424718
0.0474315
0.0524258
0.0574132
0.0623569
0.0672253
0.0719917
0.0766342
0.0811353
0.0854818
0.0896637
0.0936738
0.0975078
0.101164
0.104642
0.107943
0.111069
0.114024
0.116811
0.119435
0.1219
0.124209
0.126366
0.128372
0.130229
0.131937
0.133492
0.134888
0.136118
0.137165
0.138009
0.138619
0.138943
0.138944
0.138528
0.137576
0.135913
0.13225
0.121354
0.110367
0.0994543
0.0887416
0.0783344
0.0683207
0.0587768
0.0497708
0.0413661
0.0336274
0.0266208
0.0203817
0.0149781
0.010465
0.00690464
0.00427397
0.00247719
0.00135043
0.000698479
0.000346045
0.000166572
7.84761e-05
3.63072e-05
1.6535e-05
7.42624e-06
3.2943e-06
1.44529e-06
6.27766e-07
2.70085e-07
1.15017e-07
4.83176e-08
1.98259e-08
7.72862e-09
2.61479e-09
4.60244e-10
4.81329e-07
2.1037e-06
4.83273e-06
9.40686e-06
1.70334e-05
2.9662e-05
5.03961e-05
8.40931e-05
0.000138208
0.000223927
0.000357584
0.000562289
0.000869495
0.00132005
0.00196401
0.00285847
0.00406287
0.00563225
0.00760979
0.0100208
0.0128698
0.0161414
0.0198035
0.0238123
0.0281166
0.0326617
0.0373926
0.0422559
0.0472013
0.0521826
0.0571582
0.0620915
0.066951
0.07171
0.0763464
0.0808429
0.0851861
0.089366
0.0933754
0.09721
0.100868
0.104349
0.107653
0.110785
0.113746
0.116541
0.119173
0.121647
0.123966
0.126134
0.128153
0.130024
0.131747
0.13332
0.134737
0.13599
0.137065
0.137942
0.138593
0.138972
0.139037
0.138712
0.137889
0.136418
0.133976
0.123071
0.11207
0.101128
0.0903713
0.0799052
0.069819
0.06019
0.0510869
0.0425735
0.0347107
0.027564
0.0211947
0.015657
0.0110286
0.00734202
0.00458486
0.00267947
0.00147101
0.000765017
0.000380544
0.000183567
8.66121e-05
4.01142e-05
1.82828e-05
8.21572e-06
3.64589e-06
1.59995e-06
6.9506e-07
2.99074e-07
1.27377e-07
5.35182e-08
2.19633e-08
8.56302e-09
2.89745e-09
5.10137e-10
4.76438e-07
2.0823e-06
4.78345e-06
9.31046e-06
1.68576e-05
2.93532e-05
4.98664e-05
8.32006e-05
0.000136729
0.000221512
0.000353711
0.000556192
0.000860098
0.00130591
0.00194329
0.00282896
0.00402213
0.0055778
0.00753931
0.00993234
0.012762
0.0160132
0.0196546
0.0236427
0.0279266
0.032452
0.037164
0.0420095
0.0469383
0.0519044
0.0568663
0.0617874
0.0666363
0.0713863
0.0760154
0.0805061
0.0848451
0.0890222
0.0930304
0.0968652
0.100525
0.104008
0.107317
0.110454
0.113422
0.116224
0.118865
0.121349
0.12368
0.125861
0.127895
0.129783
0.131525
0.13312
0.134564
0.135849
0.136963
0.137891
0.138608
0.13908
0.139265
0.139116
0.138549
0.137461
0.135756
0.124985
0.114027
0.103081
0.092287
0.0817597
0.0715929
0.0618672
0.0526535
0.0440163
0.0360177
0.0287356
0.0222047
0.0165235
0.0117383
0.00788639
0.00497339
0.00293427
0.00162417
0.000850121
0.000424883
0.000205458
9.71021e-05
4.50242e-05
2.05367e-05
9.23347e-06
4.09893e-06
1.79913e-06
7.81677e-07
3.36369e-07
1.43274e-07
6.02049e-08
2.47114e-08
9.63596e-09
3.261e-09
5.74315e-10
4.71004e-07
2.05854e-06
4.72871e-06
9.2034e-06
1.66624e-05
2.90106e-05
4.9279e-05
8.22115e-05
0.00013509
0.000218839
0.000349425
0.00054945
0.000849712
0.00129028
0.00192038
0.00279635
0.00397711
0.0055176
0.00746136
0.00983447
0.0126425
0.0158712
0.0194895
0.0234545
0.0277156
0.0322188
0.0369096
0.0417351
0.0466451
0.0515939
0.05654
0.0614471
0.0662836
0.071023
0.0756434
0.0801272
0.0844608
0.0886343
0.0926404
0.0964748
0.100135
0.103621
0.106935
0.110077
0.113051
0.115862
0.118513
0.121008
0.123351
0.125545
0.127595
0.129501
0.131263
0.132882
0.134353
0.13567
0.136824
0.1378
0.138578
0.139133
0.139423
0.139422
0.13907
0.138306
0.137089
0.127293
0.116316
0.10534
0.0944988
0.0839035
0.0736498
0.0638201
0.0544872
0.0457177
0.0375752
0.0301496
0.0234485
0.0175802
0.0125982
0.00855057
0.00545206
0.0032518
0.00181719
0.000958353
0.000481639
0.000233565
0.000110594
5.1344e-05
2.34386e-05
1.05436e-05
4.68192e-06
2.05532e-06
8.93033e-07
3.84294e-07
1.63693e-07
6.87917e-08
2.82409e-08
1.10139e-08
3.72806e-09
6.56776e-10
4.65082e-07
2.03264e-06
4.66907e-06
9.0868e-06
1.645e-05
2.86377e-05
4.86402e-05
8.11367e-05
0.00013331
0.000215939
0.000344779
0.000542144
0.000838465
0.00127337
0.0018956
0.00276106
0.00392839
0.00545244
0.00737695
0.00972843
0.0125131
0.0157172
0.0193103
0.0232499
0.0274861
0.031965
0.0366325
0.0414356
0.0463248
0.0512542
0.0561826
0.0610737
0.065896
0.0706232
0.0752333
0.0797087
0.0840358
0.0882045
0.0922077
0.0960409
0.0997019
0.10319
0.106507
0.109654
0.112636
0.115455
0.118115
0.120621
0.122977
0.125185
0.127251
0.129174
0.130956
0.132597
0.134092
0.135437
0.136621
0.137631
0.138445
0.139035
0.139351
0.139359
0.138973
0.138087
0.136554
0.12961
0.118752
0.107817
0.0969636
0.0863175
0.0759831
0.0660486
0.0565907
0.0476789
0.0393788
0.0317738
0.0248864
0.0188112
0.0136129
0.00934488
0.00603317
0.00364344
0.00205881
0.00109548
0.000554181
0.000269649
0.000127957
5.94882e-05
2.71802e-05
1.2233e-05
5.43353e-06
2.38547e-06
1.03646e-06
4.45989e-07
1.89966e-07
7.98364e-08
3.27796e-08
1.27858e-08
4.32877e-09
7.6284e-10
4.58724e-07
2.00483e-06
4.60505e-06
8.96169e-06
1.62221e-05
2.82382e-05
4.79562e-05
7.99867e-05
0.000131407
0.000212842
0.000339822
0.000534358
0.000826487
0.00125537
0.00186924
0.00272355
0.0038766
0.00538317
0.0072872
0.00961565
0.0123753
0.0155531
0.0191193
0.0230318
0.0272411
0.0316938
0.0363359
0.0411149
0.0459812
0.0508893
0.055798
0.0606713
0.0654777
0.0701909
0.074789
0.0792544
0.0835737
0.0877364
0.0917355
0.0955665
0.0992271
0.102717
0.106037
0.109189
0.112177
0.115004
0.117674
0.120191
0.122559
0.124782
0.126863
0.128803
0.130605
0.132266
0.133785
0.135155
0.136367
0.137406
0.138251
0.13887
0.139209
0.139223
0.138809
0.137819
0.136023
0.132298
0.121532
0.110624
0.0997498
0.0890465
0.0786244
0.0685763
0.0589826
0.0499152
0.0414418
0.0336286
0.0265373
0.0202378
0.0148014
0.0102876
0.00673383
0.00412401
0.00236038
0.0012691
0.000647003
0.000316076
0.00015037
7.0019e-05
3.20221e-05
1.44195e-05
6.40599e-06
2.81239e-06
1.22179e-06
5.25644e-07
2.23862e-07
9.40771e-08
3.86293e-08
1.50693e-08
5.10289e-09
8.9952e-10
4.51971e-07
1.97531e-06
4.5371e-06
8.82895e-06
1.59806e-05
2.78149e-05
4.72324e-05
7.87714e-05
0.0001294
0.000209578
0.000334605
0.000526175
0.000813914
0.00123649
0.00184164
0.00268429
0.00382243
0.00531074
0.00719337
0.00949772
0.0122312
0.0153815
0.0189194
0.0228034
0.0269843
0.0314092
0.0360243
0.0407774
0.0456191
0.0505041
0.0553914
0.0602449
0.0650336
0.069731
0.0743155
0.0787694
0.0830792
0.0872346
0.0912283
0.0950559
0.0987151
0.102205
0.105528
0.108684
0.111678
0.114512
0.117192
0.119719
0.1221
0.124337
0.126434
0.128392
0.130213
0.131897
0.133441
0.134839
0.136084
0.137163
0.138058
0.138741
0.139174
0.139313
0.139101
0.138447
0.137243
0.135411
0.124686
0.113777
0.10287
0.0921021
0.0815855
0.0714154
0.0616744
0.0524364
0.0437703
0.035743
0.0284422
0.0218906
0.0161888
0.011401
0.00757442
0.00471127
0.00273589
0.00148881
0.000765878
0.000376229
0.000179504
8.37254e-05
3.83249e-05
1.72642e-05
7.66995e-06
3.36662e-06
1.46208e-06
6.2879e-07
2.67704e-07
1.1248e-07
4.61836e-08
1.80169e-08
6.10211e-09
1.07594e-09
4.44845e-07
1.94415e-06
4.46542e-06
8.68902e-06
1.57261e-05
2.73696e-05
4.64717e-05
7.74961e-05
0.000127296
0.000206164
0.00032916
0.000517651
0.000800845
0.00121691
0.00181305
0.0026437
0.00376652
0.00523608
0.00709673
0.00937636
0.012083
0.015205
0.0187137
0.0225682
0.0267198
0.0311158
0.0357027
0.0404286
0.0452443
0.0501046
0.0549688
0.059801
0.0645702
0.0692502
0.0738192
0.0782599
0.0825587
0.0867052
0.0906921
0.0945151
0.0981717
0.101661
0.104985
0.108145
0.111144
0.113986
0.116674
0.119212
0.121605
0.123856
0.125969
0.127945
0.129787
0.131493
0.133063
0.134492
0.135774
0.136896
0.137845
0.138599
0.139127
0.13939
0.139358
0.138971
0.138173
0.136938
0.128022
0.117151
0.106241
0.0954298
0.0848319
0.0745461
0.0646585
0.0552461
0.0463798
0.038128
0.0305953
0.0237752
0.0177875
0.0127014
0.00857319
0.00542334
0.00320088
0.00176599
0.000917934
0.000454131
0.000217363
0.000101562
4.65291e-05
2.09652e-05
9.31288e-06
4.08618e-06
1.77366e-06
7.62369e-07
3.24416e-07
1.36261e-07
5.59393e-08
2.18222e-08
7.39184e-09
1.30364e-09
4.3734e-07
1.91135e-06
4.39001e-06
8.54194e-06
1.5459e-05
2.69029e-05
4.56762e-05
7.61655e-05
0.000125107
0.000202623
0.000323529
0.000508862
0.000787412
0.00119685
0.00178383
0.00260233
0.00370964
0.00516027
0.00699876
0.00925347
0.0119331
0.0150265
0.0185059
0.0223306
0.0264525
0.030819
0.0353772
0.040075
0.0448637
0.0496982
0.054538
0.0593475
0.0640957
0.0687566
0.0733086
0.0777345
0.0820206
0.0861567
0.0901354
0.0939523
0.0976051
0.101093
0.104417
0.10758
0.110583
0.113431
0.116127
0.118676
0.121081
0.123346
0.125474
0.127468
0.129329
0.131058
0.132653
0.134111
0.135425
0.136586
0.137578
0.13838
0.138961
0.139269
0.139254
0.138812
0.137787
0.135926
0.131303
0.120635
0.109804
0.0989929
0.0883382
0.0779509
0.0679244
0.0583403
0.0492733
0.0407945
0.0329891
0.0258953
0.019608
0.0142038
0.00974813
0.00627938
0.00377315
0.00211465
0.00111257
0.000555083
0.000266693
0.000124861
5.72511e-05
2.57987e-05
1.14555e-05
5.02284e-06
2.17842e-06
9.35545e-07
3.97803e-07
1.66986e-07
6.85273e-08
2.67292e-08
9.05402e-09
1.59712e-09
4.29389e-07
1.87661e-06
4.31016e-06
8.3863e-06
1.51766e-05
2.64101e-05
4.48375e-05
7.47656e-05
0.000122811
0.000198918
0.000317657
0.000499736
0.000773526
0.00117621
0.00175394
0.00256022
0.00365207
0.00508392
0.00690056
0.00913081
0.0117839
0.0148495
0.0183001
0.0220957
0.0261883
0.0305257
0.0350551
0.0397248
0.0444861
0.0492942
0.0541089
0.0588945
0.0636206
0.0682611
0.0727947
0.0772042
0.0814762
0.0856005
0.0895696
0.0933792
0.0970269
0.100512
0.103836
0.107
0.110007
0.11286
0.115564
0.118122
0.120538
0.122816
0.124959
0.12697
0.12885
0.1306
0.132219
0.133704
0.135049
0.136246
0.137281
0.138135
0.138782
0.13918
0.139287
0.139036
0.138335
0.137065
0.13513
0.124477
0.113645
0.102807
0.0920913
0.0816064
0.0714461
0.0616938
0.0524261
0.0437158
0.0356353
0.0282724
0.0216675
0.0159246
0.0111168
0.00729789
0.00447033
0.00254907
0.00135942
0.000684614
0.000330278
0.000154935
7.10882e-05
3.20305e-05
1.42144e-05
6.22734e-06
2.69826e-06
1.1577e-06
4.91849e-07
2.06328e-07
8.46361e-08
3.30064e-08
1.118e-08
1.97246e-09
4.20907e-07
1.83957e-06
4.22509e-06
8.22072e-06
1.48769e-05
2.58885e-05
4.39536e-05
7.32973e-05
0.000120415
0.000195079
0.000311616
0.000490414
0.000759443
0.00115542
0.00172402
0.00251833
0.00359509
0.00500873
0.00680427
0.00901102
0.0116388
0.0146778
0.0181011
0.021869
0.0259336
0.0302432
0.0347448
0.0393871
0.0441216
0.0489035
0.0536928
0.0584544
0.0631576
0.0677769
0.0722912
0.0766833
0.0809402
0.0850516
0.0890101
0.0928114
0.0964531
0.0999347
0.103257
0.106422
0.109432
0.11229
0.115001
0.117568
0.119995
0.122285
0.124442
0.126469
0.128367
0.130137
0.13178
0.133291
0.134667
0.135899
0.136978
0.137885
0.1386
0.139091
0.13932
0.139251
0.138824
0.137978
0.136684
0.128206
0.117465
0.106665
0.0959366
0.0853913
0.0751265
0.0652285
0.0557763
0.0468445
0.038506
0.030873
0.0239461
0.0178554
0.0126807
0.00848901
0.00530814
0.003086
0.00167219
0.000851869
0.000413152
0.000194308
8.92203e-05
4.01846e-05
1.78134e-05
7.79228e-06
3.37063e-06
1.44375e-06
6.12433e-07
2.56583e-07
1.0515e-07
4.09815e-08
1.38769e-08
2.44828e-09
4.11676e-07
1.7992e-06
4.13217e-06
8.03941e-06
1.45478e-05
2.53149e-05
4.29801e-05
7.16802e-05
0.00011778
0.000190865
0.000305012
0.000480282
0.000744255
0.00113323
0.00169247
0.00247476
0.00353675
0.00493298
0.00670886
0.00889417
0.0114993
0.0145148
0.017914
0.0216574
0.0256972
0.0299816
0.034458
0.0390748
0.0437839
0.0485407
0.0533055
0.0580432
0.0627238
0.0673219
0.0718165
0.0761909
0.080432
0.08453
0.0884775
0.0922701
0.0959054
0.099383
0.102703
0.105869
0.108881
0.111744
0.114461
0.117036
0.119473
0.121775
0.123945
0.125987
0.127901
0.129691
0.131354
0.132889
0.134292
0.135555
0.13667
0.13762
0.138383
0.138928
0.139207
0.139166
0.138703
0.137668
0.135812
0.131592
0.121094
0.110418
0.0997349
0.0891745
0.0788441
0.0688358
0.059232
0.0501096
0.0415436
0.0336208
0.0263954
0.0199663
0.014423
0.00984521
0.00628513
0.00372664
0.00205203
0.00105699
0.000515092
0.000242655
0.000111419
5.01403e-05
2.22001e-05
9.69881e-06
4.19022e-06
1.79286e-06
7.5983e-07
3.18107e-07
1.30297e-07
5.07657e-08
1.71873e-08
3.03234e-09
4.01849e-07
1.75614e-06
4.03277e-06
7.8449e-06
1.41944e-05
2.46997e-05
4.19411e-05
6.99679e-05
0.00011502
0.000186511
0.000298287
0.000470121
0.000729254
0.00111162
0.00166217
0.00243346
0.00348211
0.00486284
0.0066214
0.00878805
0.0113736
0.014369
0.0177476
0.0214702
0.0254888
0.0297517
0.0342062
0.0388008
0.0434873
0.0482214
0.0529638
0.0576795
0.0623389
0.066917
0.071393
0.0757506
0.079977
0.0840624
0.0879996
0.0917841
0.0954137
0.0988876
0.102207
0.105372
0.108387
0.111255
0.113978
0.116561
0.119006
0.121319
0.123501
0.125556
0.127486
0.129291
0.130972
0.132528
0.133954
0.135245
0.136392
0.13738
0.138191
0.138798
0.139161
0.139236
0.138958
0.138236
0.136952
0.13501
0.124597
0.113981
0.103331
0.0927716
0.0824063
0.0723263
0.0626131
0.0533424
0.0445877
0.0364234
0.0289595
0.0222128
0.0163176
0.0113617
0.007416
0.00449779
0.00252732
0.00132213
0.000650644
0.00030748
0.000141218
6.34462e-05
2.80131e-05
1.21963e-05
5.24958e-06
2.23781e-06
9.45134e-07
3.94484e-07
1.61172e-07
6.26716e-08
2.11909e-08
3.7362e-09
3.91721e-07
1.71123e-06
3.92686e-06
7.6321e-06
1.37965e-05
2.39871e-05
4.07051e-05
6.78832e-05
0.000111596
0.000181036
0.000289772
0.000457253
0.000710387
0.00108482
0.00162532
0.00238452
0.00341935
0.00478517
0.00652851
0.00868038
0.0112521
0.0142346
0.0176011
0.0213117
0.025318
0.0295675
0.0340072
0.0385857
0.0432548
0.0479707
0.0526943
0.0573914
0.0620327
0.0665936
0.071054
0.0753975
0.0796117
0.083687
0.0876162
0.0913948
0.0950204
0.0984924
0.101811
0.104979
0.107997
0.110869
0.113598
0.116187
0.118641
0.120962
0.123155
0.125221
0.127163
0.128982
0.130679
0.132252
0.133699
0.135014
0.13619
0.137215
0.138074
0.138746
0.139202
0.139407
0.139324
0.138899
0.138072
0.136806
0.127523
0.116948
0.106339
0.0958066
0.0854493
0.0753537
0.0655976
0.056253
0.0473886
0.0390737
0.0314202
0.0244258
0.0182292
0.0129249
0.00860195
0.00531443
0.00302984
0.00159837
0.000788515
0.0003721
0.000170463
7.63919e-05
3.36609e-05
1.46358e-05
6.29559e-06
2.68342e-06
1.13355e-06
4.73236e-07
1.93359e-07
7.51729e-08
2.5409e-08
4.47831e-09
3.85105e-07
1.68133e-06
3.85413e-06
7.47996e-06
1.34991e-05
2.343e-05
3.96957e-05
6.61097e-05
0.000108575
0.00017605
0.000281818
0.000445018
0.000692286
0.00105913
0.00159043
0.00233923
0.00336324
0.00471876
0.00645318
0.008598
0.0111645
0.014143
0.0175059
0.0212123
0.0252131
0.0294554
0.0338859
0.0384536
0.0431106
0.0478138
0.0525244
0.057209
0.0618385
0.0663886
0.0708395
0.0751751
0.0793828
0.0834531
0.0873788
0.0911553
0.0947801
0.0982524
0.101573
0.104742
0.107764
0.11064
0.113373
0.115968
0.118427
0.120755
0.122954
0.125028
0.126977
0.128805
0.130511
0.132095
0.133554
0.134883
0.136077
0.137124
0.138011
0.138717
0.139215
0.139465
0.139428
0.139028
0.138166
0.136702
0.129065
0.118652
0.108151
0.0976965
0.0873974
0.0773458
0.0676214
0.0582952
0.0494332
0.0411
0.0333829
0.0263051
0.0199737
0.014476
0.00989794
0.00630771
0.00371158
0.00201148
0.0010101
0.000478728
0.000218718
9.73046e-05
4.24545e-05
1.82574e-05
7.76606e-06
3.27429e-06
1.36883e-06
5.65893e-07
2.29149e-07
8.84011e-08
2.97103e-08
5.22199e-09
)
;

boundaryField
{
    fuel
    {
        type            fixedValue;
        value           uniform 0;
    }
    air
    {
        type            fixedValue;
        value           uniform 0;
    }
    outlet
    {
        type            inletOutlet;
        inletValue      uniform 0;
        value           nonuniform List<scalar> 
200
(
3.84905e-07
1.68045e-06
3.85207e-06
7.4759e-06
1.34916e-05
2.34168e-05
3.9673e-05
6.60713e-05
0.000108511
0.000175945
0.00028165
0.000444752
0.000691877
0.00105852
0.00158953
0.00233797
0.00336153
0.00471654
0.00645044
0.00859475
0.0111608
0.014139
0.0175018
0.0212082
0.0252092
0.0294517
0.0338827
0.0384507
0.0431082
0.0478118
0.0525229
0.0572078
0.0618375
0.0663878
0.0708388
0.0751743
0.0793818
0.0834519
0.0873774
0.0911537
0.0947783
0.0982504
0.101571
0.10474
0.107761
0.110637
0.113371
0.115965
0.118425
0.120753
0.122952
0.125025
0.126975
0.128802
0.130508
0.132091
0.13355
0.134878
0.136071
0.137116
0.138001
0.138704
0.139198
0.139445
0.139403
0.139
0.138137
0.13667
0.129152
0.118732
0.108233
0.097784
0.0874908
0.0774441
0.0677227
0.0583974
0.0495343
0.0411979
0.0334736
0.0263887
0.0200475
0.0145377
0.00994584
0.0063413
0.00373233
0.00202258
0.00101521
0.000480815
0.000219477
9.75405e-05
4.25077e-05
1.82569e-05
7.75515e-06
3.26495e-06
1.36289e-06
5.62593e-07
2.27482e-07
8.76411e-08
2.94222e-08
5.16762e-09
3.85105e-07
1.68133e-06
3.85413e-06
7.47996e-06
1.34991e-05
2.343e-05
3.96957e-05
6.61097e-05
0.000108575
0.00017605
0.000281818
0.000445018
0.000692286
0.00105913
0.00159043
0.00233923
0.00336324
0.00471876
0.00645318
0.008598
0.0111645
0.014143
0.0175059
0.0212123
0.0252131
0.0294554
0.0338859
0.0384536
0.0431106
0.0478138
0.0525244
0.057209
0.0618385
0.0663886
0.0708395
0.0751751
0.0793828
0.0834531
0.0873788
0.0911553
0.0947801
0.0982524
0.101573
0.104742
0.107764
0.11064
0.113373
0.115968
0.118427
0.120755
0.122954
0.125028
0.126977
0.128805
0.130511
0.132095
0.133554
0.134883
0.136077
0.137124
0.138011
0.138717
0.139215
0.139465
0.139428
0.139028
0.138166
0.136702
0.129065
0.118652
0.108151
0.0976965
0.0873974
0.0773458
0.0676214
0.0582952
0.0494332
0.0411
0.0333829
0.0263051
0.0199737
0.014476
0.00989794
0.00630771
0.00371158
0.00201148
0.0010101
0.000478728
0.000218718
9.73046e-05
4.24545e-05
1.82574e-05
7.76606e-06
3.27429e-06
1.36883e-06
5.65893e-07
2.29149e-07
8.84011e-08
2.97103e-08
5.22199e-09
)
;
    }
    frontAndBack
    {
        type            empty;
    }
}


// ************************************************************************* //
