/*--------------------------------*- C++ -*----------------------------------*\
| =========                 |                                                 |
| \\      /  F ield         | OpenFOAM: The Open Source CFD Toolbox           |
|  \\    /   O peration     | Version:  v1612+                                |
|   \\  /    A nd           | Web:      www.OpenFOAM.com                      |
|    \\/     M anipulation  |                                                 |
\*---------------------------------------------------------------------------*/
FoamFile
{
    version     2.0;
    format      ascii;
    class       vectorField;
    location    "constant/rightSolid/polyMesh";
    object      points;
}
// * * * * * * * * * * * * * * * * * * * * * * * * * * * * * * * * * * * * * //


308
(
(0.013333333 0 -0.05)
(0.02 0 -0.05)
(0.026666667 0 -0.05)
(0.033333333 0 -0.05)
(0.04 -2.8912058e-19 -0.05)
(0.046666667 2.8912058e-19 -0.05)
(0.053333333 -2.8912058e-19 -0.05)
(0.06 -2.8912058e-19 -0.05)
(0.066666667 -4.3368087e-19 -0.05)
(0.073333333 -5.7824116e-19 -0.05)
(0.08 4.3368087e-19 -0.05)
(0.086666667 2.8912058e-19 -0.05)
(0.093333333 1.4456029e-19 -0.05)
(0.1 0 -0.05)
(0.013333333 0.008 -0.05)
(0.02 0.008 -0.05)
(0.026666667 0.008 -0.05)
(0.033333333 0.008 -0.05)
(0.04 0.008 -0.05)
(0.046666667 0.008 -0.05)
(0.053333333 0.008 -0.05)
(0.06 0.008 -0.05)
(0.066666667 0.008 -0.05)
(0.073333333 0.008 -0.05)
(0.08 0.008 -0.05)
(0.086666667 0.008 -0.05)
(0.093333333 0.008 -0.05)
(0.1 0.008 -0.05)
(0.013333333 0 -0.04)
(0.02 -5.7824116e-19 -0.04)
(0.026666667 0 -0.04)
(0.033333333 0 -0.04)
(0.04 0 -0.04)
(0.046666667 2.8912058e-19 -0.04)
(0.053333333 -2.8912058e-19 -0.04)
(0.06 -2.8912058e-19 -0.04)
(0.066666667 -4.3368087e-19 -0.04)
(0.073333333 -5.7824116e-19 -0.04)
(0.08 4.3368087e-19 -0.04)
(0.086666667 2.8912058e-19 -0.04)
(0.093333333 1.4456029e-19 -0.04)
(0.1 0 -0.04)
(0.013333333 0.008 -0.04)
(0.02 0.008 -0.04)
(0.026666667 0.008 -0.04)
(0.033333333 0.008 -0.04)
(0.04 0.008 -0.04)
(0.046666667 0.008 -0.04)
(0.053333333 0.008 -0.04)
(0.06 0.008 -0.04)
(0.066666667 0.008 -0.04)
(0.073333333 0.008 -0.04)
(0.08 0.008 -0.04)
(0.086666667 0.008 -0.04)
(0.093333333 0.008 -0.04)
(0.1 0.008 -0.04)
(0.013333333 0 -0.03)
(0.02 -5.7824116e-19 -0.03)
(0.026666667 0 -0.03)
(0.033333333 0 -0.03)
(0.04 -2.8912058e-19 -0.03)
(0.046666667 -2.8912058e-19 -0.03)
(0.053333333 0 -0.03)
(0.06 -2.8912058e-19 -0.03)
(0.066666667 -4.3368087e-19 -0.03)
(0.073333333 -5.7824116e-19 -0.03)
(0.08 4.3368087e-19 -0.03)
(0.086666667 2.8912058e-19 -0.03)
(0.093333333 1.4456029e-19 -0.03)
(0.1 0 -0.03)
(0.013333333 0.008 -0.03)
(0.02 0.008 -0.03)
(0.026666667 0.008 -0.03)
(0.033333333 0.008 -0.03)
(0.04 0.008 -0.03)
(0.046666667 0.008 -0.03)
(0.053333333 0.008 -0.03)
(0.06 0.008 -0.03)
(0.066666667 0.008 -0.03)
(0.073333333 0.008 -0.03)
(0.08 0.008 -0.03)
(0.086666667 0.008 -0.03)
(0.093333333 0.008 -0.03)
(0.1 0.008 -0.03)
(0.013333333 0 -0.02)
(0.02 0 -0.02)
(0.026666667 -2.8912058e-19 -0.02)
(0.033333333 0 -0.02)
(0.04 -2.8912058e-19 -0.02)
(0.046666667 2.8912058e-19 -0.02)
(0.053333333 -2.8912058e-19 -0.02)
(0.06 0 -0.02)
(0.066666667 -4.3368087e-19 -0.02)
(0.073333333 -5.7824116e-19 -0.02)
(0.08 4.3368087e-19 -0.02)
(0.086666667 2.8912058e-19 -0.02)
(0.093333333 1.8070036e-19 -0.02)
(0.1 0 -0.02)
(0.013333333 0.008 -0.02)
(0.02 0.008 -0.02)
(0.026666667 0.008 -0.02)
(0.033333333 0.008 -0.02)
(0.04 0.008 -0.02)
(0.046666667 0.008 -0.02)
(0.053333333 0.008 -0.02)
(0.06 0.008 -0.02)
(0.066666667 0.008 -0.02)
(0.073333333 0.008 -0.02)
(0.08 0.008 -0.02)
(0.086666667 0.008 -0.02)
(0.093333333 0.008 -0.02)
(0.1 0.008 -0.02)
(0.013333333 0 -0.01)
(0.02 0 -0.01)
(0.026666667 0 -0.01)
(0.033333333 0 -0.01)
(0.04 -2.8912058e-19 -0.01)
(0.046666667 2.8912058e-19 -0.01)
(0.053333333 -2.8912058e-19 -0.01)
(0.06 -2.8912058e-19 -0.01)
(0.066666667 -4.3368087e-19 -0.01)
(0.073333333 -5.7824116e-19 -0.01)
(0.08 4.3368087e-19 -0.01)
(0.086666667 2.8912058e-19 -0.01)
(0.093333333 1.4456029e-19 -0.01)
(0.1 0 -0.01)
(0.013333333 0.008 -0.01)
(0.02 0.008 -0.01)
(0.026666667 0.008 -0.01)
(0.033333333 0.008 -0.01)
(0.04 0.008 -0.01)
(0.046666667 0.008 -0.01)
(0.053333333 0.008 -0.01)
(0.06 0.008 -0.01)
(0.066666667 0.008 -0.01)
(0.073333333 0.008 -0.01)
(0.08 0.008 -0.01)
(0.086666667 0.008 -0.01)
(0.093333333 0.008 -0.01)
(0.1 0.008 -0.01)
(0.013333333 0 0)
(0.02 0 0)
(0.026666667 0 5.7824116e-19)
(0.033333333 0 0)
(0.04 -2.8912058e-19 -5.7824116e-19)
(0.046666667 2.8912058e-19 0)
(0.053333333 -2.8912058e-19 0)
(0.06 -2.8912058e-19 5.7824116e-19)
(0.066666667 -4.3368087e-19 0)
(0.073333333 -5.7824116e-19 -4.3368087e-19)
(0.08 4.3368087e-19 2.8912058e-19)
(0.086666667 2.8912058e-19 -2.1684043e-19)
(0.093333333 1.4456029e-19 4.6982094e-19)
(0.1 0 0)
(0.013333333 0.008 0)
(0.02 0.008 0)
(0.026666667 0.008 5.7824116e-19)
(0.033333333 0.008 0)
(0.04 0.008 -5.7824116e-19)
(0.046666667 0.008 0)
(0.053333333 0.008 0)
(0.06 0.008 5.7824116e-19)
(0.066666667 0.008 0)
(0.073333333 0.008 -4.3368087e-19)
(0.08 0.008 2.8912058e-19)
(0.086666667 0.008 -2.1684043e-19)
(0.093333333 0.008 4.6982094e-19)
(0.1 0.008 0)
(0.013333333 0 0.01)
(0.02 0 0.01)
(0.026666667 0 0.01)
(0.033333333 0 0.01)
(0.04 -2.8912058e-19 0.01)
(0.046666667 2.8912058e-19 0.01)
(0.053333333 -2.8912058e-19 0.01)
(0.06 -2.8912058e-19 0.01)
(0.066666667 -4.3368087e-19 0.01)
(0.073333333 -5.7824116e-19 0.01)
(0.08 4.3368087e-19 0.01)
(0.086666667 2.8912058e-19 0.01)
(0.093333333 1.4456029e-19 0.01)
(0.1 0 0.01)
(0.013333333 0.008 0.01)
(0.02 0.008 0.01)
(0.026666667 0.008 0.01)
(0.033333333 0.008 0.01)
(0.04 0.008 0.01)
(0.046666667 0.008 0.01)
(0.053333333 0.008 0.01)
(0.06 0.008 0.01)
(0.066666667 0.008 0.01)
(0.073333333 0.008 0.01)
(0.08 0.008 0.01)
(0.086666667 0.008 0.01)
(0.093333333 0.008 0.01)
(0.1 0.008 0.01)
(0.013333333 0 0.02)
(0.02 0 0.02)
(0.026666667 0 0.02)
(0.033333333 0 0.02)
(0.04 -2.8912058e-19 0.02)
(0.046666667 -2.8912058e-19 0.02)
(0.053333333 2.8912058e-19 0.02)
(0.06 -2.8912058e-19 0.02)
(0.066666667 -4.3368087e-19 0.02)
(0.073333333 -5.7824116e-19 0.02)
(0.08 4.3368087e-19 0.02)
(0.086666667 2.8912058e-19 0.02)
(0.093333333 1.4456029e-19 0.02)
(0.1 0 0.02)
(0.013333333 0.008 0.02)
(0.02 0.008 0.02)
(0.026666667 0.008 0.02)
(0.033333333 0.008 0.02)
(0.04 0.008 0.02)
(0.046666667 0.008 0.02)
(0.053333333 0.008 0.02)
(0.06 0.008 0.02)
(0.066666667 0.008 0.02)
(0.073333333 0.008 0.02)
(0.08 0.008 0.02)
(0.086666667 0.008 0.02)
(0.093333333 0.008 0.02)
(0.1 0.008 0.02)
(0.013333333 0 0.03)
(0.02 0 0.03)
(0.026666667 0 0.03)
(0.033333333 0 0.03)
(0.04 -2.8912058e-19 0.03)
(0.046666667 2.8912058e-19 0.03)
(0.053333333 -2.8912058e-19 0.03)
(0.06 -2.8912058e-19 0.03)
(0.066666667 -4.3368087e-19 0.03)
(0.073333333 -5.7824116e-19 0.03)
(0.08 4.3368087e-19 0.03)
(0.086666667 2.8912058e-19 0.03)
(0.093333333 1.4456029e-19 0.03)
(0.1 0 0.03)
(0.013333333 0.008 0.03)
(0.02 0.008 0.03)
(0.026666667 0.008 0.03)
(0.033333333 0.008 0.03)
(0.04 0.008 0.03)
(0.046666667 0.008 0.03)
(0.053333333 0.008 0.03)
(0.06 0.008 0.03)
(0.066666667 0.008 0.03)
(0.073333333 0.008 0.03)
(0.08 0.008 0.03)
(0.086666667 0.008 0.03)
(0.093333333 0.008 0.03)
(0.1 0.008 0.03)
(0.013333333 0 0.04)
(0.02 0 0.04)
(0.026666667 0 0.04)
(0.033333333 0 0.04)
(0.04 -2.8912058e-19 0.04)
(0.046666667 -5.7824116e-19 0.04)
(0.053333333 -2.8912058e-19 0.04)
(0.06 -2.8912058e-19 0.04)
(0.066666667 -2.8912058e-19 0.04)
(0.073333333 -5.7824116e-19 0.04)
(0.08 4.3368087e-19 0.04)
(0.086666667 2.8912058e-19 0.04)
(0.093333333 1.4456029e-19 0.04)
(0.1 0 0.04)
(0.013333333 0.008 0.04)
(0.02 0.008 0.04)
(0.026666667 0.008 0.04)
(0.033333333 0.008 0.04)
(0.04 0.008 0.04)
(0.046666667 0.008 0.04)
(0.053333333 0.008 0.04)
(0.06 0.008 0.04)
(0.066666667 0.008 0.04)
(0.073333333 0.008 0.04)
(0.08 0.008 0.04)
(0.086666667 0.008 0.04)
(0.093333333 0.008 0.04)
(0.1 0.008 0.04)
(0.013333333 0 0.05)
(0.02 0 0.05)
(0.026666667 0 0.05)
(0.033333333 0 0.05)
(0.04 -2.8912058e-19 0.05)
(0.046666667 2.8912058e-19 0.05)
(0.053333333 -2.8912058e-19 0.05)
(0.06 -2.8912058e-19 0.05)
(0.066666667 -4.3368087e-19 0.05)
(0.073333333 -5.7824116e-19 0.05)
(0.08 4.3368087e-19 0.05)
(0.086666667 2.8912058e-19 0.05)
(0.093333333 1.4456029e-19 0.05)
(0.1 0 0.05)
(0.013333333 0.008 0.05)
(0.02 0.008 0.05)
(0.026666667 0.008 0.05)
(0.033333333 0.008 0.05)
(0.04 0.008 0.05)
(0.046666667 0.008 0.05)
(0.053333333 0.008 0.05)
(0.06 0.008 0.05)
(0.066666667 0.008 0.05)
(0.073333333 0.008 0.05)
(0.08 0.008 0.05)
(0.086666667 0.008 0.05)
(0.093333333 0.008 0.05)
(0.1 0.008 0.05)
)


// ************************************************************************* //
