/*--------------------------------*- C++ -*----------------------------------*\
| =========                 |                                                 |
| \\      /  F ield         | OpenFOAM: The Open Source CFD Toolbox           |
|  \\    /   O peration     | Version:  v1612+                                |
|   \\  /    A nd           | Web:      www.OpenFOAM.com                      |
|    \\/     M anipulation  |                                                 |
\*---------------------------------------------------------------------------*/
FoamFile
{
    version     2.0;
    format      ascii;
    class       vectorField;
    location    "constant/heater/polyMesh";
    object      points;
}
// * * * * * * * * * * * * * * * * * * * * * * * * * * * * * * * * * * * * * //


185
(
(-0.013333333 0 -0.05)
(-0.0066666667 0 -0.05)
(0 0 -0.05)
(0.0066666667 0 -0.05)
(0.013333333 0 -0.05)
(-0.013333333 0.008 -0.05)
(-0.0066666667 0.008 -0.05)
(0 0.008 -0.05)
(0.0066666667 0.008 -0.05)
(0.013333333 0.008 -0.05)
(-0.013333333 0 -0.04)
(-0.0066666667 0 -0.04)
(0 0 -0.04)
(0.0066666667 0 -0.04)
(0.013333333 0 -0.04)
(-0.013333333 0.008 -0.04)
(-0.0066666667 0.008 -0.04)
(0 0.008 -0.04)
(0.0066666667 0.008 -0.04)
(0.013333333 0.008 -0.04)
(-0.013333333 0 -0.03)
(-0.0066666667 0 -0.03)
(0 0 -0.03)
(0.0066666667 0 -0.03)
(0.013333333 0 -0.03)
(-0.013333333 0.008 -0.03)
(-0.0066666667 0.008 -0.03)
(0 0.008 -0.03)
(0.0066666667 0.008 -0.03)
(0.013333333 0.008 -0.03)
(-0.013333333 0 -0.02)
(-0.0066666667 0 -0.02)
(0 0 -0.02)
(0.0066666667 0 -0.02)
(0.013333333 0 -0.02)
(-0.013333333 0.008 -0.02)
(-0.0066666667 0.008 -0.02)
(0 0.008 -0.02)
(0.0066666667 0.008 -0.02)
(0.013333333 0.008 -0.02)
(-0.013333333 -0.04 -0.01)
(-0.0066666667 -0.04 -0.01)
(0 -0.04 -0.01)
(0.0066666667 -0.04 -0.01)
(0.013333333 -0.04 -0.01)
(-0.013333333 -0.032 -0.01)
(-0.0066666667 -0.032 -0.01)
(0 -0.032 -0.01)
(0.0066666667 -0.032 -0.01)
(0.013333333 -0.032 -0.01)
(-0.013333333 -0.024 -0.01)
(-0.0066666667 -0.024 -0.01)
(0 -0.024 -0.01)
(0.0066666667 -0.024 -0.01)
(0.013333333 -0.024 -0.01)
(-0.013333333 -0.016 -0.01)
(-0.0066666667 -0.016 -0.01)
(0 -0.016 -0.01)
(0.0066666667 -0.016 -0.01)
(0.013333333 -0.016 -0.01)
(-0.013333333 -0.008 -0.01)
(-0.0066666667 -0.008 -0.01)
(0 -0.008 -0.01)
(0.0066666667 -0.008 -0.01)
(0.013333333 -0.008 -0.01)
(-0.013333333 0 -0.01)
(-0.0066666667 0 -0.01)
(0 0 -0.01)
(0.0066666667 0 -0.01)
(0.013333333 0 -0.01)
(-0.013333333 0.008 -0.01)
(-0.0066666667 0.008 -0.01)
(0 0.008 -0.01)
(0.0066666667 0.008 -0.01)
(0.013333333 0.008 -0.01)
(-0.013333333 -0.04 0)
(-0.0066666667 -0.04 0)
(0 -0.04 0)
(0.0066666667 -0.04 0)
(0.013333333 -0.04 0)
(-0.013333333 -0.032 1.1564823e-18)
(-0.0066666667 -0.032 5.7824116e-19)
(0 -0.032 1.1564823e-18)
(0.0066666667 -0.032 5.7824116e-19)
(0.013333333 -0.032 1.1564823e-18)
(-0.013333333 -0.024 0)
(-0.0066666667 -0.024 0)
(0 -0.024 0)
(0.0066666667 -0.024 0)
(0.013333333 -0.024 0)
(-0.013333333 -0.016 0)
(-0.0066666667 -0.016 0)
(0 -0.016 0)
(0.0066666667 -0.016 0)
(0.013333333 -0.016 0)
(-0.013333333 -0.008 0)
(-0.0066666667 -0.008 0)
(0 -0.008 0)
(0.0066666667 -0.008 0)
(0.013333333 -0.008 0)
(-0.013333333 0 0)
(-0.0066666667 0 0)
(0 0 0)
(0.0066666667 0 0)
(0.013333333 0 0)
(-0.013333333 0.008 0)
(-0.0066666667 0.008 0)
(0 0.008 0)
(0.0066666667 0.008 0)
(0.013333333 0.008 0)
(-0.013333333 -0.04 0.01)
(-0.0066666667 -0.04 0.01)
(0 -0.04 0.01)
(0.0066666667 -0.04 0.01)
(0.013333333 -0.04 0.01)
(-0.013333333 -0.032 0.01)
(-0.0066666667 -0.032 0.01)
(0 -0.032 0.01)
(0.0066666667 -0.032 0.01)
(0.013333333 -0.032 0.01)
(-0.013333333 -0.024 0.01)
(-0.0066666667 -0.024 0.01)
(0 -0.024 0.01)
(0.0066666667 -0.024 0.01)
(0.013333333 -0.024 0.01)
(-0.013333333 -0.016 0.01)
(-0.0066666667 -0.016 0.01)
(0 -0.016 0.01)
(0.0066666667 -0.016 0.01)
(0.013333333 -0.016 0.01)
(-0.013333333 -0.008 0.01)
(-0.0066666667 -0.008 0.01)
(0 -0.008 0.01)
(0.0066666667 -0.008 0.01)
(0.013333333 -0.008 0.01)
(-0.013333333 0 0.01)
(-0.0066666667 0 0.01)
(0 0 0.01)
(0.0066666667 0 0.01)
(0.013333333 0 0.01)
(-0.013333333 0.008 0.01)
(-0.0066666667 0.008 0.01)
(0 0.008 0.01)
(0.0066666667 0.008 0.01)
(0.013333333 0.008 0.01)
(-0.013333333 0 0.02)
(-0.0066666667 0 0.02)
(0 0 0.02)
(0.0066666667 0 0.02)
(0.013333333 0 0.02)
(-0.013333333 0.008 0.02)
(-0.0066666667 0.008 0.02)
(0 0.008 0.02)
(0.0066666667 0.008 0.02)
(0.013333333 0.008 0.02)
(-0.013333333 0 0.03)
(-0.0066666667 0 0.03)
(0 0 0.03)
(0.0066666667 0 0.03)
(0.013333333 0 0.03)
(-0.013333333 0.008 0.03)
(-0.0066666667 0.008 0.03)
(0 0.008 0.03)
(0.0066666667 0.008 0.03)
(0.013333333 0.008 0.03)
(-0.013333333 0 0.04)
(-0.0066666667 0 0.04)
(0 0 0.04)
(0.0066666667 0 0.04)
(0.013333333 0 0.04)
(-0.013333333 0.008 0.04)
(-0.0066666667 0.008 0.04)
(0 0.008 0.04)
(0.0066666667 0.008 0.04)
(0.013333333 0.008 0.04)
(-0.013333333 0 0.05)
(-0.0066666667 0 0.05)
(0 0 0.05)
(0.0066666667 0 0.05)
(0.013333333 0 0.05)
(-0.013333333 0.008 0.05)
(-0.0066666667 0.008 0.05)
(0 0.008 0.05)
(0.0066666667 0.008 0.05)
(0.013333333 0.008 0.05)
)


// ************************************************************************* //
