/*--------------------------------*- C++ -*----------------------------------*\
  =========                 |
  \\      /  F ield         | OpenFOAM: The Open Source CFD Toolbox
   \\    /   O peration     | Website:  https://openfoam.org
    \\  /    A nd           | Version:  8
     \\/     M anipulation  |
\*---------------------------------------------------------------------------*/
FoamFile
{
    version     2.0;
    format      ascii;
    class       volScalarField;
    location    "440/fluid";
    object      H2O;
}
// * * * * * * * * * * * * * * * * * * * * * * * * * * * * * * * * * * * * * //

dimensions      [0 0 0 0 0 0 0];

internalField   nonuniform List<scalar> 
4000
(
3.65771e-07
1.59796e-06
3.6682e-06
7.13446e-06
1.29121e-05
2.2488e-05
3.82497e-05
6.39767e-05
0.000105553
0.000171954
0.000276546
0.000438639
0.000685126
0.00105175
0.00158336
0.00233225
0.00335408
0.00470192
0.00641737
0.00852513
0.01103
0.0139176
0.0171572
0.0207075
0.02452
0.0285437
0.0327271
0.0370208
0.0413783
0.0457571
0.050119
0.0544304
0.0586628
0.0627921
0.066799
0.0706681
0.0743872
0.0779477
0.0813438
0.0845722
0.087632
0.0905241
0.0932504
0.0958139
0.0982186
0.100469
0.102569
0.104524
0.106338
0.108014
0.109554
0.110959
0.112229
0.11336
0.114346
0.115177
0.115838
0.116307
0.11655
0.116541
0.11622
0.115517
0.114348
0.106003
0.0973629
0.0886231
0.0799307
0.0713976
0.0631108
0.0551392
0.0475392
0.0403593
0.0336431
0.0274493
0.0217849
0.0167201
0.012309
0.0086053
0.00565317
0.00346025
0.00196707
0.00104252
0.00051978
0.000247641
0.000114451
5.16487e-05
2.28648e-05
9.96434e-06
4.28616e-06
1.8237e-06
7.68902e-07
3.21698e-07
1.33711e-07
5.52437e-08
2.2677e-08
9.22144e-09
3.68061e-09
1.40385e-09
4.68563e-10
8.2116e-11
3.6842e-07
1.61011e-06
3.69858e-06
7.20012e-06
1.30444e-05
2.27419e-05
3.87156e-05
6.47952e-05
0.000106926
0.000174139
0.000279819
0.000443192
0.00069088
0.00105807
0.00158865
0.00233372
0.003348
0.00468281
0.00638006
0.00846556
0.0109457
0.0138079
0.0170237
0.0205534
0.0243499
0.0283627
0.0325406
0.0368338
0.0411954
0.0455821
0.0499549
0.0542797
0.058527
0.0626723
0.0666955
0.070581
0.0743161
0.0778919
0.0813024
0.0845445
0.0876172
0.0905205
0.0932565
0.0958286
0.0982407
0.100497
0.102603
0.104562
0.106378
0.108056
0.109596
0.111
0.112267
0.113393
0.114371
0.115189
0.115832
0.116275
0.116484
0.116427
0.116042
0.115258
0.114002
0.105424
0.0966286
0.0877832
0.0790174
0.0704331
0.0621111
0.0541171
0.0465062
0.0393268
0.0326242
0.0264688
0.0208521
0.0158599
0.0115486
0.00797168
0.00516639
0.0031232
0.00176014
0.000930245
0.000465469
0.000223402
0.000104231
4.75196e-05
2.12475e-05
9.34346e-06
4.05012e-06
1.73404e-06
7.34616e-07
3.08431e-07
1.28505e-07
5.31742e-08
2.18473e-08
8.88859e-09
3.54891e-09
1.35398e-09
4.52041e-10
7.92466e-11
3.72588e-07
1.62873e-06
3.74309e-06
7.29086e-06
1.3216e-05
2.30503e-05
3.92459e-05
6.56672e-05
0.000108293
0.000176179
0.000282696
0.000446981
0.00069545
0.00106297
0.00159309
0.00233649
0.0033466
0.00467388
0.00635949
0.00842909
0.0108897
0.0137301
0.0169234
0.0204315
0.0242087
0.0282058
0.0323725
0.0366592
0.0410191
0.0454086
0.0497882
0.0541233
0.0583838
0.0625444
0.0665846
0.0704877
0.0742412
0.0778357
0.0812649
0.0845245
0.0876124
0.09053
0.0932791
0.095863
0.0982854
0.100551
0.102664
0.104629
0.106449
0.108129
0.10967
0.111073
0.112336
0.113454
0.11442
0.11522
0.115835
0.116234
0.11638
0.116226
0.115693
0.114681
0.113079
0.104279
0.0953295
0.0863785
0.0775446
0.0689217
0.0605858
0.0525999
0.0450181
0.0378887
0.031258
0.0252026
0.0197065
0.0148619
0.0107205
0.00732801
0.00470614
0.00282512
0.00158629
0.000838291
0.000420674
0.000202736
9.50458e-05
4.35525e-05
1.9572e-05
8.64797e-06
3.76504e-06
1.61815e-06
6.87717e-07
2.89477e-07
1.20839e-07
5.00681e-08
2.05881e-08
8.38004e-09
3.34652e-09
1.27688e-09
4.26311e-10
7.4728e-11
3.75508e-07
1.64147e-06
3.77228e-06
7.34727e-06
1.33165e-05
2.32198e-05
3.95196e-05
6.60912e-05
0.000108921
0.000177059
0.000283835
0.000448301
0.0006967
0.0010636
0.0015921
0.00233204
0.00333648
0.00465582
0.00633105
0.00838798
0.0108342
0.0136591
0.0168369
0.0203302
0.0240944
0.0280808
0.0322397
0.0365219
0.0408808
0.0452727
0.0496581
0.054002
0.0582737
0.0624479
0.0665037
0.0704242
0.0741958
0.0778077
0.0812528
0.0845277
0.0876311
0.0905632
0.0933257
0.0959217
0.0983547
0.100629
0.10275
0.104721
0.106546
0.108228
0.10977
0.111171
0.11243
0.113541
0.114496
0.11528
0.115872
0.116236
0.116336
0.116109
0.115461
0.114257
0.111655
0.102706
0.0936538
0.0846399
0.0757749
0.0671484
0.0588337
0.0508921
0.0433769
0.0363362
0.029816
0.0238789
0.0185361
0.0138618
0.00990331
0.00669839
0.00425623
0.00253093
0.00141114
0.000742802
0.000372401
0.000179722
8.44788e-05
3.88404e-05
1.75198e-05
7.77144e-06
3.3967e-06
1.46539e-06
6.25005e-07
2.63929e-07
1.10486e-07
4.58899e-08
1.89081e-08
7.70869e-09
3.08232e-09
1.17717e-09
3.93265e-10
6.89486e-11
3.77356e-07
1.64947e-06
3.79035e-06
7.38154e-06
1.33761e-05
2.3318e-05
3.96738e-05
6.6322e-05
0.000109248
0.000177491
0.000284356
0.000448854
0.000697136
0.00106355
0.00159076
0.00232833
0.00332891
0.00464262
0.0063103
0.00835793
0.0107935
0.013607
0.0167734
0.020256
0.0240109
0.0279899
0.0321438
0.0364238
0.040783
0.0451781
0.0495696
0.0539221
0.0582052
0.0623926
0.0664626
0.0703972
0.0741825
0.0778085
0.0812685
0.0845583
0.0876758
0.0906211
0.0933958
0.0960026
0.0984452
0.100728
0.102855
0.104831
0.106659
0.108343
0.109885
0.111284
0.112539
0.113645
0.114592
0.115366
0.115947
0.116299
0.116387
0.116156
0.115524
0.114386
0.109748
0.100805
0.091751
0.0827405
0.0738915
0.0652976
0.0570338
0.0491623
0.0417368
0.0348055
0.0284145
0.0226055
0.0174262
0.0129271
0.00915124
0.00612895
0.00385687
0.00227454
0.0012608
0.000661634
0.0003315
0.000160166
7.54369e-05
3.4767e-05
1.57224e-05
6.99173e-06
3.06321e-06
1.32443e-06
5.66009e-07
2.39436e-07
1.00386e-07
4.17484e-08
1.72199e-08
7.0264e-09
2.81131e-09
1.07417e-09
3.5896e-10
6.29321e-11
3.78285e-07
1.65344e-06
3.7991e-06
7.39758e-06
1.34029e-05
2.33597e-05
3.97347e-05
6.6404e-05
0.000109346
0.000177586
0.000284396
0.000448701
0.000696518
0.00106204
0.00158779
0.00232309
0.00332042
0.00462974
0.00629191
0.00833306
0.0107615
0.0135676
0.0167268
0.020203
0.0239526
0.027928
0.03208
0.0363602
0.0407222
0.0451224
0.049521
0.0538824
0.0581752
0.0623728
0.0664535
0.0704
0.0741985
0.0778381
0.0813115
0.0846141
0.0877438
0.0907004
0.0934852
0.096101
0.0985514
0.10084
0.102972
0.104951
0.106782
0.108466
0.110006
0.111402
0.112651
0.11375
0.114687
0.11545
0.116017
0.116351
0.116423
0.116173
0.115519
0.11435
0.107804
0.098885
0.089851
0.080864
0.0720488
0.0635026
0.0553023
0.0475108
0.0401814
0.0333619
0.0271108
0.0214403
0.0164153
0.0120811
0.00847574
0.00562155
0.00350345
0.00204845
0.001128
0.0005894
0.000294648
0.000142322
6.70787e-05
3.09556e-05
1.40228e-05
6.24804e-06
2.74301e-06
1.18843e-06
5.08898e-07
2.15677e-07
9.05779e-08
3.77256e-08
1.55804e-08
6.36389e-09
2.5482e-09
9.74169e-10
3.25651e-10
5.70897e-11
3.78686e-07
1.65513e-06
3.80271e-06
7.40389e-06
1.34127e-05
2.33737e-05
3.97526e-05
6.64225e-05
0.000109355
0.000177554
0.000284259
0.000448347
0.00069576
0.00106059
0.00158522
0.00231882
0.00331376
0.00461993
0.00627823
0.00831496
0.0107387
0.0135402
0.0166952
0.0201679
0.0239153
0.02789
0.0320431
0.0363259
0.0406921
0.0450977
0.0495025
0.0538709
0.058172
0.0623795
0.0664713
0.0704296
0.0742399
0.0778913
0.081376
0.0846895
0.0878293
0.090795
0.0935881
0.0962109
0.098667
0.10096
0.103095
0.105076
0.106906
0.108588
0.110124
0.111514
0.112756
0.113843
0.114766
0.115512
0.116057
0.116367
0.116412
0.116132
0.115445
0.114256
0.106029
0.0971383
0.0881124
0.0791381
0.0703496
0.0618473
0.0537084
0.0459949
0.0387587
0.0320462
0.0259254
0.0203862
0.0155061
0.0113261
0.00787869
0.00517814
0.00319835
0.00185552
0.00101572
0.000528676
0.000263729
0.000127329
6.00283e-05
2.77222e-05
1.25708e-05
5.60768e-06
2.46499e-06
1.06936e-06
4.585e-07
1.94558e-07
8.18018e-08
3.41054e-08
1.40977e-08
5.76239e-09
2.30854e-09
8.82855e-10
2.95188e-10
5.17409e-11
3.78791e-07
1.65555e-06
3.80349e-06
7.4049e-06
1.34134e-05
2.33724e-05
3.97447e-05
6.63986e-05
0.000109296
0.000177426
0.000284004
0.000447867
0.000694905
0.00105914
0.00158286
0.00231519
0.00330843
0.00461247
0.0062683
0.00830236
0.0107234
0.0135227
0.0166761
0.0201481
0.0238957
0.0278717
0.032027
0.036313
0.040683
0.0450936
0.049505
0.0538815
0.0581918
0.062409
0.066511
0.0704795
0.0743001
0.0779614
0.0814558
0.0847781
0.0879261
0.0908991
0.0936984
0.0963263
0.0987864
0.101082
0.103219
0.105199
0.107027
0.108705
0.110235
0.111616
0.112846
0.113918
0.114821
0.11554
0.116053
0.116319
0.116314
0.115975
0.115226
0.114
0.105007
0.0958446
0.0866793
0.0776447
0.0688469
0.0603702
0.0522824
0.0446394
0.0374888
0.0308733
0.024858
0.0194358
0.0146921
0.0106581
0.00735756
0.0047956
0.00293777
0.00169197
0.000920914
0.000477412
0.00023755
0.00011458
5.40038e-05
2.49452e-05
1.13176e-05
5.05249e-06
2.22297e-06
9.65333e-07
4.14327e-07
1.75995e-07
7.407e-08
3.09097e-08
1.27867e-08
5.22975e-09
2.09608e-09
8.01827e-10
2.68143e-10
4.69899e-11
3.78755e-07
1.65536e-06
3.80291e-06
7.40337e-06
1.34097e-05
2.33639e-05
3.97268e-05
6.63624e-05
0.000109225
0.000177294
0.000283765
0.000447451
0.000694207
0.00105801
0.00158111
0.0023126
0.00330476
0.00460755
0.00626207
0.00829491
0.010715
0.0135137
0.0166671
0.0201397
0.0238884
0.0278662
0.0320242
0.0363142
0.0406896
0.0451068
0.0495256
0.0539101
0.0582288
0.0624548
0.0665657
0.0705433
0.0743726
0.0780423
0.0815445
0.0848741
0.0880285
0.0910071
0.0938109
0.0964424
0.0989048
0.101202
0.103338
0.105316
0.107141
0.108814
0.110337
0.111708
0.112923
0.113976
0.114855
0.115541
0.116004
0.116205
0.116103
0.115614
0.114633
0.113042
0.103861
0.0945745
0.0853402
0.0762799
0.0674899
0.059047
0.051014
0.0434429
0.0363783
0.0298605
0.0239465
0.0186486
0.0140166
0.010094
0.0069147
0.00447234
0.00271886
0.00155531
0.000842
0.000434812
0.000215789
0.000103962
4.89714e-05
2.26173e-05
1.02631e-05
4.58348e-06
2.01771e-06
8.76771e-07
3.76587e-07
1.60084e-07
6.74235e-08
2.81555e-08
1.16543e-08
4.76887e-09
1.91196e-09
7.3154e-10
2.44675e-10
4.28624e-11
3.78668e-07
1.65496e-06
3.80188e-06
7.40108e-06
1.34049e-05
2.33543e-05
3.97082e-05
6.63272e-05
0.000109161
0.000177181
0.00028357
0.000447128
0.00069369
0.00105722
0.00157995
0.00231097
0.00330261
0.00460488
0.00625895
0.00829151
0.0107116
0.0135105
0.0166645
0.0201385
0.0238895
0.0278706
0.032033
0.0363281
0.0407094
0.045133
0.0495588
0.0539507
0.0582771
0.062511
0.0666298
0.0706151
0.0744518
0.0781285
0.0816371
0.0849724
0.0881317
0.0911144
0.0939214
0.096555
0.0990185
0.101316
0.10345
0.105426
0.107247
0.108915
0.11043
0.111791
0.112995
0.114032
0.114892
0.115552
0.115982
0.116141
0.11598
0.115408
0.114306
0.111949
0.102677
0.0933384
0.084082
0.0750247
0.0662592
0.0578592
0.0498848
0.0423871
0.0354112
0.029001
0.0232036
0.0180169
0.0134879
0.00965042
0.0065534
0.00420287
0.00253612
0.00144133
0.000776243
0.00039932
0.000197642
9.5093e-05
4.47598e-05
2.0665e-05
9.37672e-06
4.18838e-06
1.84442e-06
8.01847e-07
3.44595e-07
1.46571e-07
6.17692e-08
2.58089e-08
1.06883e-08
4.37525e-09
1.75458e-09
6.71426e-10
2.24603e-10
3.93287e-11
3.78591e-07
1.65461e-06
3.80101e-06
7.39919e-06
1.34011e-05
2.33468e-05
3.96942e-05
6.63018e-05
0.000109116
0.000177104
0.000283445
0.00044693
0.00069339
0.00105678
0.00157936
0.00231021
0.00330169
0.00460384
0.00625791
0.00829068
0.0107114
0.0135115
0.0166674
0.020144
0.0238983
0.0278834
0.0320503
0.0363506
0.0407377
0.0451675
0.0495998
0.0539985
0.0583319
0.0625727
0.0666983
0.0706901
0.074533
0.0782154
0.0817291
0.0850689
0.0882319
0.0912174
0.0940264
0.0966611
0.0991248
0.101421
0.103554
0.105527
0.107344
0.109006
0.110514
0.111868
0.113062
0.114089
0.114936
0.115584
0.116001
0.116151
0.115989
0.115434
0.114387
0.110745
0.10148
0.0921522
0.0829146
0.0738856
0.0651586
0.0568071
0.048891
0.0414606
0.0345623
0.0282347
0.0224859
0.0173787
0.0129538
0.00924573
0.00625405
0.00397562
0.0023813
0.00134517
0.000721029
0.00036963
0.000182499
8.77011e-05
4.12505e-05
1.90376e-05
8.63719e-06
3.85833e-06
1.69945e-06
7.3907e-07
3.17748e-07
1.35214e-07
5.701e-08
2.38312e-08
9.87322e-09
4.04281e-09
1.62157e-09
6.20591e-10
2.07624e-10
3.6341e-11
3.7855e-07
1.65442e-06
3.80054e-06
7.39817e-06
1.3399e-05
2.33428e-05
3.96867e-05
6.62884e-05
0.000109093
0.000177067
0.000283386
0.000446841
0.000693262
0.00105661
0.00157915
0.00231001
0.00330158
0.00460402
0.00625864
0.00829236
0.0107144
0.0135164
0.0166748
0.0201543
0.0239122
0.0279013
0.0320729
0.0363783
0.0407708
0.0452064
0.0496447
0.0540496
0.058389
0.0626358
0.0667673
0.0707646
0.0746126
0.0782995
0.0818172
0.0851603
0.0883259
0.0913132
0.0941233
0.0967583
0.0992214
0.101516
0.103647
0.105617
0.107429
0.109086
0.110589
0.111935
0.113121
0.11414
0.114978
0.115616
0.116024
0.116167
0.116
0.115444
0.114401
0.10964
0.100384
0.0910751
0.0818652
0.072873
0.0641918
0.055894
0.0480367
0.0406681
0.033828
0.0275422
0.0218626
0.0168299
0.0124826
0.00885163
0.00595461
0.00377897
0.00224676
0.00126273
0.000674324
0.000344744
0.000169881
8.15591e-05
3.8339e-05
1.76881e-05
8.02388e-06
3.58444e-06
1.57904e-06
6.86869e-07
2.95396e-07
1.25747e-07
5.30381e-08
2.2179e-08
9.19161e-09
3.76459e-09
1.51018e-09
5.78007e-10
1.93389e-10
3.38395e-11
3.78546e-07
1.6544e-06
3.80046e-06
7.39794e-06
1.33984e-05
2.33416e-05
3.96843e-05
6.62841e-05
0.000109086
0.000177056
0.000283372
0.000446829
0.000693267
0.00105667
0.00157932
0.00231038
0.00330233
0.00460537
0.00626089
0.00829587
0.0107196
0.0135238
0.0166848
0.0201674
0.0239289
0.0279221
0.0320981
0.0364083
0.0408059
0.0452467
0.0496904
0.0541006
0.0584453
0.0626973
0.0668335
0.0708354
0.0746874
0.078378
0.0818986
0.0852441
0.0884114
0.0913998
0.0942102
0.0968448
0.0993067
0.1016
0.103727
0.105694
0.107502
0.109154
0.11065
0.11199
0.113169
0.114179
0.115009
0.115638
0.116036
0.116171
0.115997
0.115436
0.114391
0.108673
0.0994252
0.0901358
0.080956
0.0720052
0.0633711
0.0551171
0.0473022
0.0399741
0.0331726
0.0269468
0.0213311
0.0163666
0.0120908
0.00853335
0.00570937
0.00360039
0.00213588
0.0011944
0.00063577
0.00032433
0.000159558
7.65377e-05
3.59574e-05
1.6583e-05
7.52095e-06
3.3595e-06
1.48001e-06
6.43872e-07
2.7696e-07
1.17928e-07
4.97538e-08
2.08112e-08
8.62693e-09
3.53393e-09
1.41779e-09
5.42672e-10
1.81576e-10
3.17624e-11
3.78581e-07
1.65454e-06
3.80078e-06
7.39853e-06
1.33994e-05
2.33432e-05
3.9687e-05
6.6289e-05
0.000109095
0.000177074
0.000283407
0.000446898
0.0006934
0.00105691
0.00157976
0.00231116
0.00330362
0.00460741
0.00626399
0.00830038
0.010726
0.0135324
0.016696
0.0201817
0.0239467
0.0279437
0.0321238
0.0364384
0.0408405
0.0452859
0.0497343
0.054149
0.0584982
0.0627544
0.0668947
0.0709001
0.0747554
0.0784486
0.0819714
0.0853185
0.0884868
0.0914756
0.0942857
0.0969194
0.0993797
0.10167
0.103795
0.105758
0.107562
0.109208
0.110699
0.112032
0.113204
0.114206
0.115027
0.115647
0.116036
0.116162
0.115979
0.115412
0.114366
0.107854
0.0986072
0.0893323
0.0801773
0.0712484
0.0626338
0.0544105
0.0466344
0.039353
0.0326082
0.0264393
0.0208816
0.0159777
0.0117647
0.00827145
0.00551121
0.00346179
0.00204862
0.00114262
0.000605614
0.000308009
0.000151245
7.24786e-05
3.40268e-05
1.56851e-05
7.11162e-06
3.17617e-06
1.39919e-06
6.08743e-07
2.61882e-07
1.11527e-07
4.70627e-08
1.96897e-08
8.16358e-09
3.34462e-09
1.34192e-09
5.13657e-10
1.7188e-10
3.00545e-11
3.78644e-07
1.65482e-06
3.8014e-06
7.39972e-06
1.34016e-05
2.3347e-05
3.96936e-05
6.63006e-05
0.000109116
0.000177111
0.000283473
0.000447016
0.000693607
0.00105727
0.00158036
0.00231214
0.00330517
0.00460977
0.00626745
0.00830528
0.0107326
0.0135412
0.0167074
0.020196
0.0239641
0.0279645
0.0321483
0.0364667
0.0408727
0.0453221
0.0497744
0.054193
0.0585458
0.0628055
0.0669488
0.0709571
0.0748147
0.0785098
0.0820341
0.0853821
0.0885508
0.0915395
0.0943489
0.0969813
0.0994397
0.101728
0.103849
0.105808
0.107608
0.109249
0.110734
0.112061
0.113225
0.11422
0.115033
0.115645
0.116026
0.116144
0.115954
0.115379
0.11433
0.107169
0.0979157
0.0886467
0.079504
0.0705971
0.0620138
0.053824
0.0460848
0.0388437
0.0321424
0.0260194
0.0205096
0.015656
0.0114952
0.00805495
0.00534655
0.00334446
0.00197032
0.00109822
0.000581951
0.000295138
0.00014457
6.9205e-05
3.24688e-05
1.49602e-05
6.78096e-06
3.028e-06
1.33383e-06
5.80325e-07
2.49679e-07
1.06345e-07
4.48832e-08
1.87811e-08
7.78818e-09
3.19124e-09
1.28052e-09
4.90174e-10
1.64034e-10
2.86704e-11
3.78721e-07
1.65515e-06
3.80217e-06
7.40121e-06
1.34043e-05
2.33518e-05
3.97021e-05
6.63154e-05
0.000109142
0.000177156
0.000283553
0.000447153
0.000693842
0.00105767
0.00158101
0.00231317
0.00330676
0.00461215
0.00627088
0.00831006
0.0107391
0.0135496
0.016718
0.0202091
0.02398
0.0279834
0.0321703
0.0364919
0.0409012
0.0453539
0.0498093
0.054231
0.0585867
0.0628489
0.0669947
0.0710049
0.0748642
0.0785606
0.0820857
0.0854341
0.0886028
0.0915909
0.0943993
0.0970301
0.0994864
0.101772
0.10389
0.105845
0.10764
0.109277
0.110756
0.112077
0.113234
0.114222
0.115028
0.115634
0.116009
0.116124
0.115934
0.115369
0.114347
0.106627
0.097364
0.088097
0.0789626
0.0700725
0.0615119
0.0533492
0.0456402
0.038432
0.0317659
0.02568
0.020209
0.0153963
0.0112778
0.00788062
0.0052143
0.00325056
0.00190808
0.00105917
0.000560064
0.000284373
0.000139215
6.65798e-05
3.12183e-05
1.43796e-05
6.51681e-06
2.90983e-06
1.28178e-06
5.57711e-07
2.39975e-07
1.02226e-07
4.3152e-08
1.80599e-08
7.49057e-09
3.06984e-09
1.23197e-09
4.71602e-10
1.57828e-10
2.75739e-11
3.788e-07
1.6555e-06
3.80295e-06
7.40274e-06
1.34071e-05
2.33568e-05
3.97108e-05
6.63306e-05
0.000109168
0.000177202
0.000283632
0.000447289
0.00069407
0.00105804
0.00158162
0.00231413
0.00330823
0.00461431
0.00627396
0.0083143
0.0107447
0.0135569
0.0167272
0.0202204
0.0239936
0.0279994
0.0321888
0.036513
0.0409249
0.0453801
0.049838
0.0542619
0.0586198
0.0628839
0.0670313
0.0710428
0.0749031
0.0786003
0.0821258
0.0854742
0.0886424
0.0916297
0.0944369
0.097066
0.0995202
0.101803
0.103918
0.10587
0.10766
0.109292
0.110766
0.11208
0.113232
0.114213
0.115012
0.115611
0.115979
0.116089
0.115896
0.115329
0.114311
0.106189
0.0969193
0.0876535
0.0785303
0.0696561
0.0611152
0.052975
0.0452907
0.0381089
0.0314709
0.0254144
0.0199741
0.0151936
0.0111086
0.00774542
0.00511228
0.00317874
0.00186122
0.00103078
0.000543972
0.000275667
0.000135034
6.46093e-05
3.02776e-05
1.39391e-05
6.31504e-06
2.81932e-06
1.24188e-06
5.40384e-07
2.32547e-07
9.90781e-08
4.18313e-08
1.75107e-08
7.26409e-09
2.97742e-09
1.19499e-09
4.57451e-10
1.53098e-10
2.67363e-11
3.78868e-07
1.65579e-06
3.80364e-06
7.40407e-06
1.34095e-05
2.33611e-05
3.97183e-05
6.63438e-05
0.000109191
0.000177241
0.0002837
0.000447403
0.000694262
0.00105836
0.00158213
0.00231492
0.00330942
0.00461606
0.00627645
0.0083177
0.0107492
0.0135627
0.0167345
0.0202293
0.0240042
0.0280118
0.0322032
0.0365293
0.040943
0.0454001
0.0498598
0.0542853
0.0586446
0.06291
0.0670583
0.0710706
0.0749314
0.0786287
0.0821542
0.0855023
0.08867
0.0916564
0.0944622
0.0970896
0.0995417
0.101822
0.103934
0.105882
0.107669
0.109296
0.110765
0.112074
0.11322
0.114195
0.114987
0.11558
0.115942
0.116048
0.115853
0.115287
0.114279
0.105878
0.0965912
0.0873235
0.0782065
0.069344
0.0608182
0.0526954
0.0450302
0.0378687
0.0312521
0.0252178
0.0198006
0.0150443
0.0109842
0.00764635
0.00503784
0.0031266
0.00182739
0.00101039
0.000532437
0.000269461
0.000131821
6.30473e-05
2.95683e-05
1.36169e-05
6.16989e-06
2.7547e-06
1.21347e-06
5.28052e-07
2.27258e-07
9.68347e-08
4.08888e-08
1.71182e-08
7.10197e-09
2.9112e-09
1.16847e-09
4.47317e-10
1.49705e-10
2.61333e-11
3.78918e-07
1.65601e-06
3.80413e-06
7.40504e-06
1.34113e-05
2.33642e-05
3.97238e-05
6.63533e-05
0.000109208
0.00017727
0.000283748
0.000447485
0.000694398
0.00105858
0.00158248
0.00231547
0.00331026
0.00461728
0.00627817
0.00832005
0.0107523
0.0135667
0.0167394
0.0202354
0.0240114
0.0280203
0.0322129
0.0365403
0.0409553
0.0454136
0.0498743
0.0543009
0.058661
0.062927
0.0670758
0.0710883
0.0749491
0.0786464
0.0821716
0.0855193
0.0886863
0.0916717
0.0944764
0.0971023
0.0995526
0.101831
0.10394
0.105885
0.107669
0.109292
0.110757
0.112062
0.113202
0.114172
0.114959
0.115546
0.115904
0.116006
0.11581
0.115249
0.114253
0.105672
0.0963707
0.0870993
0.077986
0.0691316
0.0606168
0.0525066
0.0448551
0.0377079
0.0311061
0.0250872
0.0196857
0.0149457
0.0109024
0.00758144
0.00498929
0.00309279
0.00180557
0.000997273
0.00052503
0.000265492
0.000129833
6.20751e-05
2.91003e-05
1.34038e-05
6.0745e-06
2.7125e-06
1.19504e-06
5.20098e-07
2.23862e-07
9.53979e-08
4.02859e-08
1.68671e-08
6.99828e-09
2.86882e-09
1.15149e-09
4.40834e-10
1.47531e-10
2.57445e-11
3.78945e-07
1.65613e-06
3.8044e-06
7.40556e-06
1.34122e-05
2.33659e-05
3.97267e-05
6.63581e-05
0.000109216
0.000177284
0.000283772
0.000447525
0.000694465
0.00105869
0.00158266
0.00231574
0.00331067
0.00461787
0.00627901
0.0083212
0.0107539
0.0135687
0.0167419
0.0202383
0.024015
0.0280245
0.0322177
0.0365457
0.0409613
0.0454202
0.0498815
0.0543085
0.058669
0.0629353
0.0670843
0.0710967
0.0749573
0.0786544
0.0821793
0.0855266
0.0886931
0.0916779
0.0944818
0.0971068
0.0995559
0.101833
0.103941
0.105884
0.107665
0.109286
0.110748
0.112049
0.113186
0.114152
0.114935
0.115519
0.115873
0.115974
0.115778
0.115222
0.114239
0.105571
0.0962561
0.0869813
0.0778701
0.0690208
0.0605126
0.0524099
0.0447661
0.037627
0.0310333
0.0250225
0.0196293
0.0148977
0.0108628
0.00755031
0.0049662
0.00307684
0.00179536
0.000991181
0.000521603
0.00026366
0.000128921
6.16311e-05
2.88877e-05
1.3303e-05
6.02846e-06
2.69202e-06
1.1861e-06
5.16241e-07
2.22218e-07
9.47034e-08
3.99949e-08
1.67461e-08
6.94829e-09
2.84839e-09
1.1433e-09
4.37708e-10
1.4648e-10
2.55535e-11
3.78949e-07
1.65615e-06
3.80445e-06
7.40565e-06
1.34124e-05
2.33662e-05
3.97271e-05
6.63589e-05
0.000109217
0.000177286
0.000283775
0.000447531
0.000694473
0.0010587
0.00158267
0.00231577
0.0033107
0.00461792
0.00627906
0.00832126
0.0107539
0.0135687
0.016742
0.0202385
0.0240151
0.0280246
0.0322178
0.0365458
0.0409614
0.0454203
0.0498816
0.0543086
0.0586692
0.0629355
0.0670844
0.0710968
0.0749574
0.0786545
0.0821794
0.0855267
0.0886932
0.091678
0.0944819
0.0971069
0.099556
0.101833
0.103941
0.105884
0.107665
0.109286
0.110748
0.112049
0.113187
0.114152
0.114935
0.115519
0.115873
0.115974
0.115778
0.115222
0.114239
0.105571
0.0962559
0.0869811
0.0778699
0.0690206
0.0605124
0.0524097
0.0447659
0.0376268
0.0310331
0.0250224
0.0196292
0.0148976
0.0108627
0.00755022
0.00496613
0.00307679
0.00179532
0.00099116
0.000521591
0.000263654
0.000128918
6.16297e-05
2.8887e-05
1.33027e-05
6.02834e-06
2.69197e-06
1.18607e-06
5.16233e-07
2.22215e-07
9.4702e-08
3.99943e-08
1.67458e-08
6.94819e-09
2.84835e-09
1.14329e-09
4.37711e-10
1.46477e-10
2.5548e-11
3.78931e-07
1.65607e-06
3.80427e-06
7.4053e-06
1.34118e-05
2.33651e-05
3.97252e-05
6.63556e-05
0.000109211
0.000177276
0.000283757
0.0004475
0.00069442
0.00105861
0.00158253
0.00231554
0.00331035
0.0046174
0.00627832
0.00832024
0.0107526
0.0135669
0.0167397
0.0202357
0.0240118
0.0280207
0.0322133
0.0365407
0.0409557
0.045414
0.0498747
0.0543013
0.0586614
0.0629274
0.0670762
0.0710887
0.0749495
0.0786468
0.082172
0.0855196
0.0886866
0.091672
0.0944767
0.0971026
0.0995528
0.101831
0.103941
0.105886
0.107669
0.109293
0.110757
0.112062
0.113202
0.114172
0.114959
0.115546
0.115904
0.116006
0.115811
0.115249
0.114253
0.105672
0.0963703
0.0870988
0.0779854
0.0691311
0.0606162
0.0525061
0.0448546
0.0377075
0.0311057
0.0250867
0.0196853
0.0149453
0.0109021
0.00758118
0.00498909
0.00309265
0.00180547
0.000997214
0.000524998
0.000265476
0.000129824
6.20711e-05
2.90984e-05
1.3403e-05
6.07417e-06
2.71236e-06
1.19498e-06
5.20074e-07
2.23852e-07
9.53936e-08
4.02841e-08
1.68664e-08
6.99798e-09
2.86871e-09
1.15146e-09
4.4084e-10
1.47517e-10
2.57325e-11
3.78891e-07
1.65589e-06
3.80386e-06
7.40451e-06
1.34103e-05
2.33625e-05
3.97207e-05
6.63477e-05
0.000109198
0.000177252
0.000283716
0.000447429
0.0006943
0.00105841
0.00158221
0.00231504
0.00330958
0.00461626
0.00627671
0.00831802
0.0107496
0.0135631
0.016735
0.0202298
0.0240048
0.0280125
0.0322038
0.0365299
0.0409437
0.0454008
0.0498605
0.054286
0.0586453
0.0629107
0.067059
0.0710712
0.074932
0.0786293
0.0821548
0.0855029
0.0886705
0.0916568
0.0944626
0.0970901
0.0995421
0.101822
0.103935
0.105882
0.107669
0.109296
0.110765
0.112075
0.11322
0.114195
0.114988
0.11558
0.115943
0.116049
0.115853
0.115288
0.11428
0.105878
0.0965907
0.0873228
0.0782057
0.0693431
0.0608173
0.0526946
0.0450294
0.0378679
0.0312513
0.0252171
0.0197999
0.0150436
0.0109836
0.00764589
0.00503747
0.00312634
0.00182722
0.00101028
0.000532379
0.000269431
0.000131806
6.30404e-05
2.95652e-05
1.36157e-05
6.16932e-06
2.75445e-06
1.21337e-06
5.28007e-07
2.27239e-07
9.68268e-08
4.08855e-08
1.71168e-08
7.10141e-09
2.91099e-09
1.16841e-09
4.47323e-10
1.4968e-10
2.61149e-11
3.78831e-07
1.65563e-06
3.80327e-06
7.40336e-06
1.34082e-05
2.33587e-05
3.9714e-05
6.6336e-05
0.000109177
0.000177216
0.000283654
0.000447323
0.000694123
0.00105812
0.00158173
0.00231429
0.00330844
0.00461459
0.00627432
0.00831473
0.0107452
0.0135575
0.0167279
0.0202212
0.0239944
0.0280003
0.0321897
0.0365139
0.0409258
0.0453811
0.049839
0.0542629
0.0586208
0.0628849
0.0670322
0.0710437
0.074904
0.0786011
0.0821266
0.0854749
0.0886432
0.0916304
0.0944375
0.0970666
0.0995207
0.101803
0.103919
0.10587
0.107661
0.109292
0.110766
0.112081
0.113233
0.114214
0.115013
0.115612
0.11598
0.11609
0.115898
0.115331
0.114314
0.10619
0.0969187
0.0876525
0.078529
0.0696547
0.0611138
0.0529737
0.0452894
0.0381077
0.0314697
0.0254133
0.0199731
0.0151927
0.0111078
0.00774476
0.00511177
0.00317838
0.00186098
0.00103064
0.000543892
0.000275626
0.000135014
6.46001e-05
3.02735e-05
1.39372e-05
6.31421e-06
2.81896e-06
1.24173e-06
5.40317e-07
2.32519e-07
9.90665e-08
4.18265e-08
1.75088e-08
7.26328e-09
2.97711e-09
1.19491e-09
4.5745e-10
1.53061e-10
2.67112e-11
3.78762e-07
1.65533e-06
3.80257e-06
7.402e-06
1.34057e-05
2.33543e-05
3.97062e-05
6.63223e-05
0.000109153
0.000177174
0.000283581
0.000447197
0.000693909
0.00105776
0.00158115
0.00231337
0.00330704
0.00461251
0.00627134
0.00831062
0.0107397
0.0135504
0.0167189
0.0202101
0.023981
0.0279845
0.0321715
0.0364931
0.0409024
0.0453551
0.0498106
0.0542322
0.0585879
0.0628502
0.0669959
0.071006
0.0748653
0.0785617
0.0820868
0.0854351
0.0886037
0.0915918
0.0944001
0.0970309
0.0994872
0.101773
0.103891
0.105846
0.107641
0.109277
0.110757
0.112077
0.113235
0.114223
0.115029
0.115635
0.11601
0.116125
0.115936
0.115371
0.11435
0.106624
0.0973614
0.0880948
0.0789606
0.0700705
0.06151
0.0533474
0.0456385
0.0384303
0.0317643
0.0256785
0.0202077
0.0153951
0.0112767
0.00787977
0.00521364
0.00325009
0.00190777
0.00105899
0.000559964
0.000284322
0.000139191
6.65683e-05
3.12126e-05
1.4377e-05
6.51563e-06
2.90932e-06
1.28157e-06
5.57621e-07
2.39938e-07
1.02211e-07
4.31456e-08
1.80572e-08
7.48948e-09
3.06943e-09
1.23186e-09
4.71583e-10
1.5778e-10
2.75423e-11
3.78693e-07
1.65503e-06
3.80189e-06
7.40067e-06
1.34033e-05
2.335e-05
3.96986e-05
6.63089e-05
0.00010913
0.000177132
0.000283508
0.000447069
0.000693688
0.00105739
0.00158054
0.00231238
0.0033055
0.0046102
0.00626801
0.00830597
0.0107335
0.0135422
0.0167084
0.0201971
0.0239653
0.0279659
0.0321497
0.0364682
0.0408742
0.0453237
0.0497759
0.0541945
0.0585474
0.062807
0.0669503
0.0709585
0.074816
0.0785111
0.0820354
0.0853833
0.088552
0.0915406
0.0943499
0.0969822
0.0994406
0.101729
0.10385
0.105809
0.107608
0.10925
0.110735
0.112061
0.113226
0.114221
0.115033
0.115646
0.116027
0.116145
0.115955
0.115382
0.114334
0.107168
0.0979148
0.0886456
0.0795021
0.070595
0.0620115
0.0538218
0.0460826
0.0388416
0.0321404
0.0260176
0.020508
0.0156546
0.0114939
0.00805392
0.00534575
0.00334389
0.00196995
0.00109799
0.000581828
0.000295076
0.000144538
6.91897e-05
3.24617e-05
1.4957e-05
6.77954e-06
3.02738e-06
1.33357e-06
5.80213e-07
2.49632e-07
1.06325e-07
4.4875e-08
1.87777e-08
7.78677e-09
3.1907e-09
1.28037e-09
4.90143e-10
1.63975e-10
2.86326e-11
3.78638e-07
1.65479e-06
3.80136e-06
7.39964e-06
1.34014e-05
2.33467e-05
3.9693e-05
6.62988e-05
0.000109111
0.0001771
0.000283448
0.000446961
0.000693496
0.00105706
0.00157997
0.00231145
0.00330401
0.00460792
0.00626465
0.00830119
0.0107269
0.0135335
0.0166972
0.0201831
0.0239482
0.0279453
0.0321255
0.0364401
0.0408422
0.0452877
0.0497361
0.0541508
0.0585
0.0627562
0.0668964
0.0709018
0.074757
0.0784502
0.0819729
0.0853199
0.0884882
0.0914769
0.0942869
0.0969205
0.0993808
0.101671
0.103796
0.105759
0.107562
0.109209
0.1107
0.112033
0.113204
0.114207
0.115027
0.115648
0.116037
0.116163
0.115981
0.115413
0.114368
0.10785
0.0986036
0.0893283
0.0801735
0.0712449
0.0626306
0.0544075
0.0466316
0.0393504
0.0326058
0.0264371
0.0208796
0.0159759
0.0117632
0.00827025
0.00551027
0.00346112
0.00204818
0.00114235
0.000605466
0.000307929
0.000151205
7.24595e-05
3.4018e-05
1.56812e-05
7.10986e-06
3.1754e-06
1.39885e-06
6.08601e-07
2.61822e-07
1.11502e-07
4.70523e-08
1.96854e-08
8.16177e-09
3.34393e-09
1.34171e-09
5.13608e-10
1.71812e-10
3.00108e-11
3.78612e-07
1.65468e-06
3.80112e-06
7.39923e-06
1.34008e-05
2.33456e-05
3.96911e-05
6.62954e-05
0.000109105
0.000177086
0.000283419
0.000446902
0.000693378
0.00105683
0.00157955
0.00231072
0.00330279
0.00460596
0.00626165
0.0082968
0.0107207
0.0135251
0.0166862
0.020169
0.0239306
0.0279239
0.0321
0.0364103
0.0408079
0.0452488
0.0496925
0.0541027
0.0584474
0.0626993
0.0668356
0.0708373
0.0746893
0.0783798
0.0819004
0.0852458
0.088413
0.0914013
0.0942116
0.0968462
0.099308
0.101601
0.103729
0.105695
0.107503
0.109155
0.110651
0.111991
0.11317
0.11418
0.115009
0.115639
0.116037
0.116172
0.115997
0.115437
0.114391
0.108667
0.0994197
0.0901305
0.0809511
0.0720007
0.0633669
0.0551133
0.0472988
0.039971
0.0331697
0.0269443
0.0213288
0.0163646
0.0120891
0.00853192
0.00570828
0.00359962
0.00213538
0.00119409
0.000635599
0.00032424
0.000159512
7.65157e-05
3.59471e-05
1.65782e-05
7.51882e-06
3.35856e-06
1.4796e-06
6.43696e-07
2.76885e-07
1.17896e-07
4.97407e-08
2.08058e-08
8.62467e-09
3.53307e-09
1.41751e-09
5.426e-10
1.815e-10
3.17142e-11
3.78624e-07
1.65474e-06
3.80128e-06
7.39961e-06
1.34016e-05
2.33473e-05
3.96943e-05
6.6301e-05
0.000109114
0.0001771
0.000283438
0.000446923
0.000693389
0.0010568
0.00157943
0.00231039
0.0033021
0.00460469
0.00625951
0.00829342
0.0107157
0.0135179
0.0166764
0.0201561
0.0239142
0.0279034
0.0320751
0.0363806
0.0407732
0.0452088
0.0496472
0.054052
0.0583914
0.0626382
0.0667696
0.0707668
0.0746147
0.0783016
0.0818192
0.0851622
0.0883277
0.091315
0.094125
0.0967599
0.0992228
0.101518
0.103648
0.105618
0.10743
0.109087
0.11059
0.111936
0.113122
0.114141
0.114979
0.115617
0.116025
0.116167
0.116
0.115445
0.114401
0.109634
0.100378
0.0910689
0.0818594
0.0728676
0.0641869
0.0558895
0.0480327
0.0406645
0.0338247
0.0275392
0.02186
0.0168275
0.0124806
0.00884997
0.00595333
0.00377807
0.00224617
0.00126238
0.000674131
0.000344642
0.00016983
8.1534e-05
3.8327e-05
1.76825e-05
8.02135e-06
3.58331e-06
1.57855e-06
6.86657e-07
2.95306e-07
1.25709e-07
5.30221e-08
2.21723e-08
9.18889e-09
3.76354e-09
1.50984e-09
5.77912e-10
1.93303e-10
3.37892e-11
3.78673e-07
1.65496e-06
3.80183e-06
7.40078e-06
1.3404e-05
2.33519e-05
3.97027e-05
6.63159e-05
0.000109139
0.000177142
0.000283504
0.00044702
0.000693527
0.00105699
0.00157965
0.00231063
0.00330227
0.00460461
0.00625888
0.00829188
0.0107128
0.0135132
0.0166693
0.020146
0.0239005
0.0278857
0.0320528
0.0363532
0.0407403
0.0451702
0.0496026
0.0540013
0.0583346
0.0625754
0.0667009
0.0706927
0.0745355
0.0782178
0.0817314
0.0850711
0.088234
0.0912194
0.0940283
0.0966629
0.0991264
0.101423
0.103555
0.105528
0.107345
0.109007
0.110515
0.111869
0.113063
0.11409
0.114937
0.115585
0.116002
0.116152
0.115989
0.115434
0.114387
0.110737
0.101473
0.0921451
0.082908
0.0738795
0.0651529
0.0568019
0.0488862
0.0414563
0.0345586
0.0282313
0.0224829
0.0173762
0.0129517
0.00924399
0.0062527
0.00397463
0.00238062
0.00134474
0.000720784
0.000369499
0.000182434
8.76694e-05
4.12357e-05
1.90308e-05
8.63414e-06
3.85698e-06
1.69887e-06
7.38819e-07
3.17641e-07
1.35169e-07
5.69912e-08
2.38234e-08
9.87004e-09
4.04158e-09
1.62115e-09
6.20471e-10
2.07531e-10
3.62888e-11
3.78759e-07
1.65535e-06
3.8028e-06
7.40286e-06
1.34081e-05
2.33599e-05
3.97176e-05
6.6343e-05
0.000109187
0.000177222
0.000283636
0.000447229
0.000693844
0.00105744
0.00158028
0.00231144
0.00330324
0.0046057
0.00626
0.0082928
0.0107131
0.0135123
0.0166666
0.0201408
0.023892
0.0278733
0.0320357
0.036331
0.0407123
0.045136
0.0495618
0.0539538
0.0582802
0.062514
0.0666327
0.0706179
0.0744546
0.0781312
0.0816397
0.0849749
0.0881341
0.0911166
0.0939235
0.096557
0.0990204
0.101317
0.103452
0.105428
0.107248
0.108916
0.110431
0.111792
0.112995
0.114033
0.114892
0.115552
0.115982
0.116141
0.11598
0.115409
0.114306
0.11194
0.102669
0.0933306
0.0840747
0.0750179
0.0662528
0.0578532
0.0498794
0.0423823
0.0354071
0.0289974
0.0232004
0.0180142
0.0134857
0.00964878
0.00655205
0.0042018
0.00253537
0.00144086
0.000775973
0.000399176
0.00019757
9.50576e-05
4.47432e-05
2.06574e-05
9.37328e-06
4.18686e-06
1.84376e-06
8.01562e-07
3.44474e-07
1.4652e-07
6.17478e-08
2.58001e-08
1.06847e-08
4.37383e-09
1.7541e-09
6.71282e-10
2.2451e-10
3.92688e-11
3.78855e-07
1.6558e-06
3.80391e-06
7.40532e-06
1.34132e-05
2.337e-05
3.97372e-05
6.63796e-05
0.000109253
0.00017734
0.000283837
0.000447563
0.000694377
0.00105826
0.00158148
0.00231311
0.00330545
0.00460846
0.00626322
0.00829633
0.0107167
0.0135157
0.0166693
0.0201422
0.0238912
0.0278691
0.0320273
0.0363174
0.0406929
0.0451101
0.049529
0.0539135
0.0582321
0.0624581
0.066569
0.0705465
0.0743757
0.0780453
0.0815474
0.0848769
0.0880312
0.0910096
0.0938133
0.0964446
0.0989069
0.101204
0.10334
0.105318
0.107143
0.108815
0.110338
0.111708
0.112924
0.113977
0.114855
0.115541
0.116004
0.116205
0.116101
0.115611
0.114628
0.113034
0.103852
0.0945655
0.0853316
0.0762718
0.0674825
0.0590403
0.0510079
0.0434373
0.0363731
0.029856
0.0239429
0.0186456
0.014014
0.0100917
0.00691284
0.004471
0.00271796
0.00155476
0.00084169
0.000434648
0.000215706
0.000103922
4.89527e-05
2.26087e-05
1.02592e-05
4.58177e-06
2.01696e-06
8.7645e-07
3.7645e-07
1.60026e-07
6.73993e-08
2.81455e-08
1.16502e-08
4.76725e-09
1.91139e-09
7.31369e-10
2.44587e-10
4.27902e-11
3.78899e-07
1.65602e-06
3.80458e-06
7.40703e-06
1.34173e-05
2.3379e-05
3.9756e-05
6.64174e-05
0.000109327
0.000177476
0.000284082
0.000447989
0.000695091
0.00105941
0.00158326
0.00231575
0.00330919
0.00461347
0.00626958
0.00830393
0.0107253
0.0135249
0.0166785
0.0201508
0.0238987
0.0278748
0.0320303
0.0363165
0.0406866
0.0450973
0.0495088
0.0538853
0.0581955
0.0624127
0.0665146
0.0704831
0.0743035
0.0779648
0.081459
0.0847812
0.087929
0.0909019
0.093701
0.0963288
0.0987887
0.101085
0.103221
0.105201
0.107029
0.108707
0.110236
0.111617
0.112846
0.113918
0.114821
0.115539
0.116052
0.116318
0.116313
0.115971
0.115221
0.113991
0.104997
0.0958346
0.0866697
0.0776357
0.0688386
0.0603627
0.0522756
0.0446332
0.0374832
0.0308682
0.0248533
0.0194317
0.0146885
0.0106552
0.00735537
0.00479404
0.00293673
0.00169133
0.000920555
0.000477223
0.000237456
0.000114535
5.39826e-05
2.49354e-05
1.13132e-05
5.05056e-06
2.22213e-06
9.6497e-07
4.14172e-07
1.7593e-07
7.40427e-08
3.08984e-08
1.2782e-08
5.22791e-09
2.09541e-09
8.01615e-10
2.68044e-10
4.6919e-11
3.78803e-07
1.65564e-06
3.80388e-06
7.40617e-06
1.34169e-05
2.33809e-05
3.97649e-05
6.64431e-05
0.000109388
0.000177608
0.000284345
0.00044848
0.000695963
0.00106089
0.00158565
0.00231943
0.00331459
0.00462102
0.00627962
0.00831667
0.0107407
0.0135425
0.0166978
0.0201709
0.0239186
0.0278935
0.0320467
0.0363297
0.040696
0.0451017
0.0495067
0.0538751
0.0581761
0.0623835
0.0664753
0.0704335
0.0742437
0.0778949
0.0813796
0.0846929
0.0878325
0.0907981
0.093591
0.0962137
0.0986696
0.100963
0.103098
0.105078
0.106908
0.10859
0.110126
0.111516
0.112757
0.113843
0.114767
0.115512
0.116057
0.116366
0.116411
0.11613
0.115443
0.114253
0.106019
0.0971275
0.0881021
0.0791284
0.0703407
0.0618392
0.053701
0.0459881
0.0387525
0.0320406
0.0259205
0.0203818
0.0155024
0.011323
0.00787629
0.00517638
0.00319717
0.00185478
0.0010153
0.000528455
0.000263619
0.000127276
6.00038e-05
2.7711e-05
1.25658e-05
5.60548e-06
2.46404e-06
1.06895e-06
4.58325e-07
1.94484e-07
8.17709e-08
3.40926e-08
1.40925e-08
5.76029e-09
2.30777e-09
8.82598e-10
2.95077e-10
5.16726e-11
3.7841e-07
1.65399e-06
3.80036e-06
7.40002e-06
1.34073e-05
2.33674e-05
3.97478e-05
6.64258e-05
0.000109382
0.000177645
0.00028449
0.000448846
0.000696738
0.00106237
0.00158827
0.00232376
0.00332132
0.00463093
0.00629342
0.00833491
0.0107637
0.0135702
0.0167297
0.0202063
0.0239562
0.0279317
0.032084
0.0363644
0.0407265
0.0451267
0.0495254
0.0538868
0.0581797
0.0623773
0.0664579
0.0704043
0.0742026
0.0778421
0.0813154
0.0846179
0.0877474
0.0907038
0.0934885
0.0961041
0.0985543
0.100843
0.102975
0.104954
0.106784
0.108468
0.110008
0.111403
0.112653
0.113751
0.114688
0.115451
0.116018
0.116352
0.116423
0.116173
0.115518
0.114349
0.107793
0.0988738
0.0898403
0.080854
0.0720396
0.063494
0.0552944
0.0475035
0.0401748
0.0333558
0.0271055
0.0214355
0.0164112
0.0120777
0.00847302
0.00561952
0.00350206
0.00204758
0.0011275
0.000589138
0.000294518
0.00014226
6.70501e-05
3.09426e-05
1.4017e-05
6.24552e-06
2.74191e-06
1.18796e-06
5.08699e-07
2.15594e-07
9.05432e-08
3.77112e-08
1.55744e-08
6.36152e-09
2.54731e-09
9.73864e-10
3.25526e-10
5.70249e-11
3.77489e-07
1.65005e-06
3.79169e-06
7.38415e-06
1.33809e-05
2.33262e-05
3.96878e-05
6.63454e-05
0.000109287
0.000177553
0.000284455
0.00044901
0.000697373
0.0010639
0.00159128
0.00232904
0.00332989
0.0046439
0.00631193
0.00835993
0.0107959
0.0136098
0.0167765
0.0202595
0.0240147
0.027994
0.0321481
0.0364283
0.0407877
0.0451829
0.0495744
0.053927
0.0582101
0.0623975
0.0664674
0.070402
0.0741871
0.0778129
0.0812728
0.0845624
0.0876798
0.0906249
0.0933993
0.096006
0.0984484
0.100731
0.102858
0.104833
0.106662
0.108345
0.109887
0.111286
0.112541
0.113646
0.114593
0.115367
0.115948
0.116299
0.116387
0.116156
0.115524
0.114385
0.109736
0.100793
0.0917401
0.0827301
0.0738818
0.0652884
0.0570252
0.0491544
0.0417295
0.0347989
0.0284085
0.0226002
0.0174216
0.0129232
0.00914812
0.0061266
0.00385524
0.00227351
0.0012602
0.000661318
0.000331344
0.000160093
7.54031e-05
3.47518e-05
1.57157e-05
6.98881e-06
3.06196e-06
1.3239e-06
5.65785e-07
2.39342e-07
1.00347e-07
4.17323e-08
1.72134e-08
7.02377e-09
2.81031e-09
1.07382e-09
3.58821e-10
6.28718e-11
3.75651e-07
1.6421e-06
3.77372e-06
7.35008e-06
1.33216e-05
2.32286e-05
3.95347e-05
6.61165e-05
0.000108963
0.000177126
0.000283941
0.000448467
0.000696953
0.00106398
0.00159266
0.00233282
0.00333754
0.0046572
0.0063328
0.00839013
0.0108368
0.0136621
0.0168403
0.020334
0.0240985
0.0280852
0.0322443
0.0365268
0.0408858
0.0452779
0.0496634
0.0540073
0.058279
0.0624532
0.0665089
0.0704293
0.0742008
0.0778126
0.0812575
0.0845322
0.0876354
0.0905673
0.0933296
0.0959254
0.0983583
0.100633
0.102753
0.104723
0.106548
0.10823
0.109772
0.111173
0.112431
0.113543
0.114497
0.115281
0.115873
0.116237
0.116337
0.11611
0.115462
0.114259
0.111642
0.102694
0.0936426
0.0846291
0.0757646
0.0671386
0.0588244
0.0508835
0.0433689
0.0363289
0.0298094
0.0238729
0.0185308
0.0138574
0.0098997
0.00669563
0.00425428
0.00252969
0.00141042
0.00074242
0.000372213
0.000179634
8.44388e-05
3.88226e-05
1.7512e-05
7.7681e-06
3.39528e-06
1.46479e-06
6.24755e-07
2.63825e-07
1.10444e-07
4.58723e-08
1.89009e-08
7.70581e-09
3.08121e-09
1.17677e-09
3.93116e-10
6.88936e-11
3.7274e-07
1.62939e-06
3.74461e-06
7.29384e-06
1.32214e-05
2.30597e-05
3.92619e-05
6.56938e-05
0.000108337
0.00017625
0.000282809
0.000447157
0.000695719
0.00106337
0.00159369
0.00233733
0.00334775
0.00467538
0.00636138
0.00843141
0.0108925
0.0137333
0.0169271
0.0204355
0.0242131
0.0282106
0.0323775
0.0366645
0.0410245
0.0454141
0.0497939
0.054129
0.0583895
0.0625501
0.0665902
0.0704932
0.0742466
0.0778409
0.0812701
0.0845294
0.0876172
0.0905345
0.0932834
0.0958671
0.0982893
0.100554
0.102667
0.104632
0.106452
0.108132
0.109673
0.111075
0.112338
0.113456
0.114421
0.115221
0.115836
0.116235
0.11638
0.116225
0.115691
0.114675
0.113069
0.104269
0.0953193
0.0863681
0.0775342
0.0689116
0.0605761
0.0525907
0.0450094
0.0378806
0.0312506
0.0251959
0.0197007
0.0148568
0.0107164
0.00732479
0.00470383
0.00282362
0.00158542
0.000837825
0.000420445
0.00020263
9.4998e-05
4.35315e-05
1.9563e-05
8.64411e-06
3.76342e-06
1.61748e-06
6.87438e-07
2.89363e-07
1.20792e-07
5.00491e-08
2.05804e-08
8.37696e-09
3.34534e-09
1.27644e-09
4.26153e-10
7.46796e-11
3.68578e-07
1.6108e-06
3.70018e-06
7.20324e-06
1.30501e-05
2.27518e-05
3.87325e-05
6.48236e-05
0.000106973
0.000174215
0.00027994
0.000443382
0.000691171
0.0010585
0.00158927
0.0023346
0.00334918
0.00468439
0.00638208
0.00846804
0.0109486
0.0138113
0.0170276
0.0205577
0.0243546
0.0283677
0.0325459
0.0368394
0.0412012
0.045588
0.0499609
0.0542857
0.0585331
0.0626783
0.0667015
0.0705869
0.0743219
0.0778976
0.0813079
0.0845498
0.0876223
0.0905254
0.0932612
0.095833
0.0982449
0.100501
0.102606
0.104565
0.106381
0.108059
0.109599
0.111003
0.112269
0.113395
0.114373
0.115191
0.115833
0.116276
0.116483
0.116425
0.11604
0.115254
0.113996
0.105417
0.0966202
0.0877739
0.0790076
0.070423
0.0621011
0.0541073
0.0464968
0.039318
0.032616
0.0264614
0.0208455
0.0158542
0.0115438
0.00796792
0.00516366
0.00312141
0.00175908
0.000929688
0.000465199
0.000223278
0.000104176
4.7496e-05
2.12375e-05
9.33925e-06
4.04838e-06
1.73333e-06
7.34323e-07
3.08312e-07
1.28457e-07
5.31546e-08
2.18394e-08
8.88545e-09
3.54768e-09
1.35353e-09
4.51881e-10
7.92059e-11
3.65944e-07
1.59871e-06
3.66993e-06
7.13781e-06
1.29181e-05
2.24986e-05
3.82677e-05
6.40067e-05
0.000105602
0.000172034
0.000276673
0.000438839
0.000685431
0.00105221
0.00158402
0.0023332
0.00335538
0.00470364
0.00641954
0.00852779
0.0110332
0.0139212
0.0171614
0.020712
0.0245249
0.0285489
0.0327326
0.0370266
0.0413843
0.0457632
0.0501252
0.0544367
0.0586691
0.0627984
0.0668053
0.0706742
0.0743933
0.0779536
0.0813495
0.0845778
0.0876374
0.0905292
0.0932553
0.0958186
0.098223
0.100473
0.102573
0.104528
0.106342
0.108017
0.109557
0.110962
0.112232
0.113363
0.114348
0.115179
0.115839
0.116308
0.11655
0.11654
0.116219
0.115514
0.114345
0.105997
0.097355
0.088614
0.0799208
0.0713873
0.0631004
0.055129
0.0475293
0.0403498
0.0336343
0.0274413
0.0217777
0.0167138
0.0123037
0.00860107
0.00565002
0.00345812
0.00196577
0.0010418
0.000519424
0.000247475
0.000114378
5.1617e-05
2.28514e-05
9.95885e-06
4.28393e-06
1.82281e-06
7.68549e-07
3.21559e-07
1.33657e-07
5.52228e-08
2.2669e-08
9.21836e-09
3.67947e-09
1.40345e-09
4.68431e-10
8.209e-11
)
;

boundaryField
{
    fuel
    {
        type            fixedValue;
        value           uniform 0;
    }
    air
    {
        type            fixedValue;
        value           uniform 0;
    }
    outlet
    {
        type            inletOutlet;
        inletValue      uniform 0;
        value           nonuniform List<scalar> 
200
(
3.65771e-07
1.59796e-06
3.6682e-06
7.13446e-06
1.29121e-05
2.2488e-05
3.82497e-05
6.39767e-05
0.000105553
0.000171954
0.000276546
0.000438639
0.000685126
0.00105175
0.00158336
0.00233225
0.00335408
0.00470192
0.00641737
0.00852513
0.01103
0.0139176
0.0171572
0.0207075
0.02452
0.0285437
0.0327271
0.0370208
0.0413783
0.0457571
0.050119
0.0544304
0.0586628
0.0627921
0.066799
0.0706681
0.0743872
0.0779477
0.0813438
0.0845722
0.087632
0.0905241
0.0932504
0.0958139
0.0982186
0.100469
0.102569
0.104524
0.106338
0.108014
0.109554
0.110959
0.112229
0.11336
0.114346
0.115177
0.115838
0.116307
0.11655
0.116541
0.11622
0.115517
0.114348
0.106003
0.0973629
0.0886231
0.0799307
0.0713976
0.0631108
0.0551392
0.0475392
0.0403593
0.0336431
0.0274493
0.0217849
0.0167201
0.012309
0.0086053
0.00565317
0.00346025
0.00196707
0.00104252
0.00051978
0.000247641
0.000114451
5.16487e-05
2.28648e-05
9.96434e-06
4.28616e-06
1.8237e-06
7.68902e-07
3.21698e-07
1.33711e-07
5.52437e-08
2.2677e-08
9.22144e-09
3.68061e-09
1.40385e-09
4.68563e-10
8.2116e-11
3.65944e-07
1.59871e-06
3.66993e-06
7.13781e-06
1.29181e-05
2.24986e-05
3.82677e-05
6.40067e-05
0.000105602
0.000172034
0.000276673
0.000438839
0.000685431
0.00105221
0.00158402
0.0023332
0.00335538
0.00470364
0.00641954
0.00852779
0.0110332
0.0139212
0.0171614
0.020712
0.0245249
0.0285489
0.0327326
0.0370266
0.0413843
0.0457632
0.0501252
0.0544367
0.0586691
0.0627984
0.0668053
0.0706742
0.0743933
0.0779536
0.0813495
0.0845778
0.0876374
0.0905292
0.0932553
0.0958186
0.098223
0.100473
0.102573
0.104528
0.106342
0.108017
0.109557
0.110962
0.112232
0.113363
0.114348
0.115179
0.115839
0.116308
0.11655
0.11654
0.116219
0.115514
0.114345
0.105997
0.097355
0.088614
0.0799208
0.0713873
0.0631004
0.055129
0.0475293
0.0403498
0.0336343
0.0274413
0.0217777
0.0167138
0.0123037
0.00860107
0.00565002
0.00345812
0.00196577
0.0010418
0.000519424
0.000247475
0.000114378
5.1617e-05
2.28514e-05
9.95885e-06
4.28393e-06
1.82281e-06
7.68549e-07
3.21559e-07
1.33657e-07
5.52228e-08
2.2669e-08
9.21836e-09
3.67947e-09
1.40345e-09
4.68431e-10
8.209e-11
)
;
    }
    frontAndBack
    {
        type            empty;
    }
}


// ************************************************************************* //
