/*--------------------------------*- C++ -*----------------------------------*\
  =========                 |
  \\      /  F ield         | OpenFOAM: The Open Source CFD Toolbox
   \\    /   O peration     | Website:  https://openfoam.org
    \\  /    A nd           | Version:  8
     \\/     M anipulation  |
\*---------------------------------------------------------------------------*/
FoamFile
{
    version     2.0;
    format      ascii;
    class       volScalarField;
    location    "380/fluid";
    object      O2;
}
// * * * * * * * * * * * * * * * * * * * * * * * * * * * * * * * * * * * * * //

dimensions      [0 0 0 0 0 0 0];

internalField   nonuniform List<scalar> 
4000
(
4.23631e-10
1.84916e-09
4.23672e-09
8.21512e-09
1.48051e-08
2.56446e-08
4.3327e-08
7.18931e-08
1.17521e-07
1.89446e-07
3.01102e-07
4.71393e-07
7.25834e-07
1.09711e-06
1.62441e-06
2.3507e-06
3.31782e-06
4.55959e-06
6.09529e-06
7.90126e-06
9.96685e-06
1.22533e-05
1.4706e-05
1.72619e-05
1.98568e-05
2.24296e-05
2.49238e-05
2.72901e-05
2.94866e-05
3.14802e-05
3.32472e-05
3.4776e-05
3.60713e-05
3.71635e-05
3.81207e-05
3.90643e-05
4.01863e-05
4.17481e-05
4.40788e-05
4.76289e-05
5.30168e-05
6.09515e-05
7.23414e-05
8.83517e-05
0.000110483
0.000140675
0.000181448
0.000236088
0.000308884
0.000405441
0.000533081
0.000701365
0.00092277
0.00121358
0.00159504
0.00209494
0.0027496
0.00360668
0.00470828
0.00614102
0.00806353
0.0105872
0.0139119
0.025163
0.0417137
0.0583984
0.0749755
0.0912523
0.107074
0.122314
0.136868
0.150644
0.163561
0.175537
0.186487
0.196337
0.204974
0.212294
0.218206
0.222672
0.225774
0.227732
0.228859
0.229453
0.229747
0.229885
0.229949
0.229978
0.22999
0.229996
0.229998
0.229999
0.23
0.23
0.23
0.23
0.23
0.23
0.23
0.23
4.33649e-10
1.89433e-09
4.34619e-09
8.44287e-09
1.52477e-08
2.64694e-08
4.48148e-08
7.44988e-08
1.21954e-07
1.96768e-07
3.12829e-07
4.89597e-07
7.53157e-07
1.13673e-06
1.67995e-06
2.42615e-06
3.41734e-06
4.6864e-06
6.24328e-06
8.09208e-06
1.02163e-05
1.25668e-05
1.50861e-05
1.77119e-05
2.03797e-05
2.30271e-05
2.55962e-05
2.80358e-05
3.03024e-05
3.23612e-05
3.41885e-05
3.57737e-05
3.7122e-05
3.82629e-05
3.92661e-05
4.02454e-05
4.1383e-05
4.29578e-05
4.54326e-05
4.92658e-05
5.49909e-05
6.33544e-05
7.52971e-05
9.20162e-05
0.000115047
0.000146375
0.000188574
0.000245001
0.000320039
0.000419407
0.000550573
0.000723272
0.000950189
0.00124784
0.00163774
0.00214791
0.00281494
0.00368675
0.00480015
0.00625183
0.00819616
0.0107392
0.0140722
0.0270258
0.0435926
0.0603145
0.0769365
0.0932571
0.109116
0.124382
0.138949
0.152719
0.165608
0.177512
0.188382
0.198097
0.206547
0.213626
0.219253
0.223418
0.226247
0.227997
0.228991
0.229514
0.229773
0.229896
0.229953
0.22998
0.229991
0.229996
0.229998
0.229999
0.23
0.23
0.23
0.23
0.23
0.23
0.23
0.23
4.48604e-10
1.96054e-09
4.50183e-09
8.75439e-09
1.58278e-08
2.75047e-08
4.66055e-08
7.7514e-08
1.26903e-07
2.04683e-07
3.25144e-07
5.08175e-07
7.80366e-07
1.17542e-06
1.73332e-06
2.49764e-06
3.51091e-06
4.80948e-06
6.42385e-06
8.34713e-06
1.05406e-05
1.29665e-05
1.55712e-05
1.82921e-05
2.10635e-05
2.38212e-05
2.65049e-05
2.90601e-05
3.14391e-05
3.36034e-05
3.55265e-05
3.71928e-05
3.86003e-05
3.97766e-05
4.08034e-05
4.18164e-05
4.31148e-05
4.49884e-05
4.77592e-05
5.19354e-05
5.81419e-05
6.7158e-05
7.99632e-05
9.7801e-05
0.000122265
0.000155414
0.000199925
0.000259287
0.000338061
0.000442206
0.000579505
0.000760107
0.000997236
0.00130809
0.001715
0.00224691
0.00294118
0.00384596
0.0049962
0.00652878
0.00852128
0.0111086
0.0144343
0.0299061
0.0465009
0.0632895
0.0799741
0.0963351
0.112204
0.127449
0.141957
0.155632
0.168384
0.18008
0.190723
0.200157
0.208279
0.214997
0.220253
0.224082
0.226643
0.228211
0.229097
0.229563
0.229795
0.229906
0.229958
0.229981
0.229992
0.229996
0.229999
0.229999
0.23
0.23
0.23
0.23
0.23
0.23
0.23
0.23
4.63384e-10
2.02527e-09
4.65112e-09
9.04632e-09
1.63583e-08
2.84295e-08
4.81735e-08
8.01163e-08
1.31144e-07
2.11482e-07
3.3588e-07
5.24892e-07
8.05968e-07
1.21389e-06
1.78987e-06
2.57867e-06
3.62347e-06
4.95912e-06
6.60527e-06
8.59051e-06
1.08601e-05
1.33769e-05
1.60851e-05
1.89198e-05
2.18128e-05
2.46972e-05
2.75096e-05
3.01922e-05
3.26905e-05
3.4955e-05
3.69632e-05
3.86962e-05
4.01492e-05
4.1452e-05
4.26729e-05
4.39678e-05
4.54895e-05
4.75749e-05
5.06536e-05
5.52638e-05
6.20696e-05
7.18926e-05
8.57596e-05
0.000104971
0.000131191
0.000166576
0.00021393
0.000276921
0.000360356
0.000470536
0.000615728
0.000806775
0.0010579
0.00138777
0.00182088
0.00238942
0.00313574
0.00411269
0.00536075
0.00703602
0.00921748
0.0120449
0.0156174
0.0324433
0.0495282
0.0665992
0.083434
0.0998534
0.115712
0.130888
0.145279
0.158791
0.171336
0.182772
0.193126
0.202231
0.209994
0.216338
0.221229
0.224732
0.227037
0.22843
0.229209
0.229617
0.22982
0.229917
0.229963
0.229983
0.229993
0.229997
0.229999
0.229999
0.23
0.23
0.23
0.23
0.23
0.23
0.23
0.23
4.77438e-10
2.08669e-09
4.79234e-09
9.32156e-09
1.68575e-08
2.93003e-08
4.96547e-08
8.25892e-08
1.35207e-07
2.18057e-07
3.4636e-07
5.41328e-07
8.31301e-07
1.25221e-06
1.84664e-06
2.6609e-06
3.73972e-06
5.11943e-06
6.82161e-06
8.85051e-06
1.11928e-05
1.37974e-05
1.66059e-05
1.9552e-05
2.2565e-05
2.55743e-05
2.85119e-05
3.13152e-05
3.39306e-05
3.63129e-05
3.85004e-05
4.04658e-05
4.22273e-05
4.37443e-05
4.51241e-05
4.65374e-05
4.82359e-05
5.0575e-05
5.40171e-05
5.91377e-05
6.66414e-05
7.73936e-05
9.24703e-05
0.000113231
0.000141415
0.000179276
0.000229751
0.000296687
0.000385137
0.000501743
0.000655252
0.000857193
0.00112279
0.00147218
0.00193212
0.00253825
0.00333832
0.00438595
0.00575543
0.00763804
0.0101705
0.0136125
0.0184096
0.0356442
0.0529972
0.0702223
0.0871221
0.103535
0.119327
0.134385
0.14861
0.161915
0.174212
0.185394
0.195427
0.204184
0.211582
0.217556
0.222097
0.225298
0.227375
0.228614
0.229303
0.229662
0.229841
0.229927
0.229967
0.229985
0.229994
0.229997
0.229999
0.229999
0.23
0.23
0.23
0.23
0.23
0.23
0.23
0.23
4.90582e-10
2.14407e-09
4.92399e-09
9.5776e-09
1.7321e-08
3.01077e-08
5.10283e-08
8.48857e-08
1.38992e-07
2.24215e-07
3.56249e-07
5.56995e-07
8.55769e-07
1.28982e-06
1.90342e-06
2.74482e-06
3.86061e-06
5.28786e-06
7.04559e-06
9.12701e-06
1.15292e-05
1.42123e-05
1.71192e-05
2.01831e-05
2.33336e-05
2.65017e-05
2.96236e-05
3.26436e-05
3.55175e-05
3.82172e-05
4.06368e-05
4.27747e-05
4.46442e-05
4.62893e-05
4.78129e-05
4.93972e-05
5.13192e-05
5.39668e-05
5.784e-05
6.35546e-05
7.18577e-05
8.36591e-05
0.000100084
0.00012255
0.000152868
0.000193384
0.000247151
0.000318167
0.000411673
0.000534555
0.000695866
0.000907522
0.00118523
0.00154975
0.00202855
0.00265809
0.00348696
0.0045656
0.00596779
0.00787721
0.0104058
0.0137677
0.0221703
0.0394191
0.0567843
0.0739991
0.0908552
0.107187
0.122859
0.137761
0.151793
0.16487
0.176905
0.187825
0.197541
0.205963
0.213015
0.218644
0.222865
0.225797
0.227671
0.228777
0.229387
0.229703
0.22986
0.229935
0.229971
0.229987
0.229994
0.229998
0.229999
0.23
0.23
0.23
0.23
0.23
0.23
0.23
0.23
0.23
5.03125e-10
2.19885e-09
5.04976e-09
9.82247e-09
1.77652e-08
3.08837e-08
5.23533e-08
8.71116e-08
1.42682e-07
2.30257e-07
3.66019e-07
5.72594e-07
8.80333e-07
1.32793e-06
1.96163e-06
2.83227e-06
3.98981e-06
5.47581e-06
7.31565e-06
9.51299e-06
1.20482e-05
1.48802e-05
1.79515e-05
2.11942e-05
2.45354e-05
2.79024e-05
3.12254e-05
3.44406e-05
3.74914e-05
4.0328e-05
4.29098e-05
4.52154e-05
4.72507e-05
4.90645e-05
5.07705e-05
5.257e-05
5.47677e-05
5.7788e-05
6.21721e-05
6.85788e-05
7.77997e-05
9.07912e-05
0.000108731
0.000133098
0.00016578
0.000209217
0.000266582
0.000342016
0.000440935
0.000570428
0.000739779
0.000961156
0.00125052
0.00162882
0.00212363
0.00277124
0.00361961
0.00471351
0.00612755
0.00804395
0.0105698
0.0139068
0.0260224
0.0432015
0.0605071
0.0776544
0.0944237
0.110643
0.126175
0.140908
0.154744
0.167598
0.17936
0.190013
0.199437
0.207548
0.21428
0.219595
0.223528
0.226221
0.227921
0.228914
0.229457
0.229737
0.229876
0.229943
0.229974
0.229988
0.229995
0.229998
0.229999
0.23
0.23
0.23
0.23
0.23
0.23
0.23
0.23
0.23
5.15228e-10
2.25171e-09
5.17119e-09
1.00591e-08
1.81949e-08
3.16359e-08
5.36404e-08
8.928e-08
1.46289e-07
2.36184e-07
3.75644e-07
5.88022e-07
9.04716e-07
1.36586e-06
2.01962e-06
2.91922e-06
4.11741e-06
5.65882e-06
7.57182e-06
9.86253e-06
1.25126e-05
1.54811e-05
1.87098e-05
2.21289e-05
2.56631e-05
2.92359e-05
3.27738e-05
3.62083e-05
3.94781e-05
4.25308e-05
4.53258e-05
4.78408e-05
5.00823e-05
5.21046e-05
5.40354e-05
5.6099e-05
5.86316e-05
6.20979e-05
6.70836e-05
7.42937e-05
8.45668e-05
9.89105e-05
0.000118561
0.00014507
0.000180418
0.00022716
0.000288615
0.000369109
0.000474285
0.000611509
0.000790398
0.00102351
0.00132724
0.00172303
0.00223892
0.00291162
0.00378657
0.00490619
0.00635482
0.00831251
0.010878
0.0142237
0.0295119
0.0466278
0.0638907
0.0809843
0.0976757
0.113789
0.129186
0.143757
0.157407
0.170051
0.181566
0.19197
0.201122
0.208947
0.215387
0.220418
0.224095
0.226581
0.228131
0.229028
0.229515
0.229766
0.22989
0.229949
0.229977
0.22999
0.229995
0.229998
0.229999
0.23
0.23
0.23
0.23
0.23
0.23
0.23
0.23
0.23
5.27012e-10
2.30321e-09
5.28958e-09
1.02901e-08
1.86151e-08
3.23728e-08
5.49051e-08
9.14173e-08
1.49856e-07
2.42071e-07
3.85244e-07
6.03479e-07
9.29249e-07
1.40418e-06
2.0784e-06
3.00759e-06
4.24735e-06
5.84532e-06
7.83284e-06
1.02185e-05
1.29856e-05
1.60941e-05
1.94854e-05
2.30885e-05
2.68261e-05
3.0619e-05
3.43902e-05
3.80677e-05
4.1586e-05
4.48891e-05
4.79335e-05
5.06946e-05
5.31803e-05
5.54519e-05
5.76532e-05
6.00347e-05
6.29675e-05
6.69598e-05
7.26441e-05
8.07734e-05
9.22358e-05
0.000108094
0.000129652
0.000158546
0.000196865
0.000247312
0.000313392
0.000399678
0.000512131
0.000658533
0.000849037
0.0010969
0.0014194
0.00183909
0.00238538
0.00309654
0.00402201
0.00519807
0.00671994
0.00875187
0.0113752
0.0146939
0.0318471
0.0492979
0.0667221
0.0838672
0.100537
0.116575
0.131858
0.146284
0.159764
0.172221
0.183536
0.193719
0.202618
0.210174
0.216346
0.221122
0.224575
0.226882
0.228306
0.229123
0.229564
0.229789
0.229901
0.229954
0.229979
0.229991
0.229996
0.229998
0.229999
0.23
0.23
0.23
0.23
0.23
0.23
0.23
0.23
0.23
5.385e-10
2.35343e-09
5.4051e-09
1.05157e-08
1.90261e-08
3.3095e-08
5.61471e-08
9.35222e-08
1.53381e-07
2.47908e-07
3.94799e-07
6.18925e-07
9.5387e-07
1.44281e-06
2.13791e-06
3.09743e-06
4.37999e-06
6.03645e-06
8.1013e-06
1.05858e-05
1.34755e-05
1.67312e-05
2.02946e-05
2.40938e-05
2.80498e-05
3.20811e-05
3.61077e-05
4.00537e-05
4.38499e-05
4.74363e-05
5.07656e-05
5.38113e-05
5.65823e-05
5.91482e-05
6.16715e-05
6.44316e-05
6.78361e-05
7.24388e-05
7.89188e-05
8.80765e-05
0.000100849
0.000118356
0.000141971
0.000173421
0.000214917
0.000269319
0.000340348
0.000432857
0.000553195
0.000709666
0.000913149
0.00117791
0.0015227
0.00197216
0.00255876
0.0033254
0.00432929
0.00560529
0.00733217
0.00960376
0.0125967
0.0164688
0.034024
0.051712
0.0692551
0.0864345
0.103076
0.11904
0.134212
0.148498
0.161816
0.174091
0.185225
0.195182
0.203872
0.211217
0.217161
0.221716
0.224976
0.227132
0.22845
0.2292
0.229603
0.229809
0.22991
0.229958
0.229981
0.229992
0.229996
0.229998
0.229999
0.23
0.23
0.23
0.23
0.23
0.23
0.23
0.23
0.23
5.49652e-10
2.40219e-09
5.51733e-09
1.07352e-08
1.94264e-08
3.37996e-08
5.73615e-08
9.55854e-08
1.56846e-07
2.53664e-07
4.04254e-07
6.34268e-07
9.78423e-07
1.48148e-06
2.19775e-06
3.18815e-06
4.51449e-06
6.23108e-06
8.37587e-06
1.09632e-05
1.39809e-05
1.73916e-05
2.11372e-05
2.51457e-05
2.93368e-05
3.36268e-05
3.79329e-05
4.21759e-05
4.62827e-05
5.01891e-05
5.38439e-05
5.72183e-05
6.03229e-05
6.32368e-05
6.61432e-05
6.93522e-05
7.33086e-05
7.86107e-05
8.59821e-05
9.62664e-05
0.000110446
0.000129692
0.000155445
0.000189514
0.000234221
0.000292568
0.00036846
0.000466998
0.000594846
0.000760741
0.000976142
0.00125612
0.00162057
0.00209577
0.00271668
0.00352998
0.00458964
0.00595452
0.00782261
0.0103087
0.0136486
0.0184898
0.0362257
0.0540152
0.0715966
0.0887634
0.105352
0.12123
0.136289
0.150436
0.163589
0.175666
0.186584
0.196338
0.204841
0.212031
0.21782
0.222206
0.225307
0.227338
0.228569
0.229265
0.229636
0.229825
0.229918
0.229962
0.229983
0.229992
0.229997
0.229999
0.229999
0.23
0.23
0.23
0.23
0.23
0.23
0.23
0.23
0.23
5.60374e-10
2.44908e-09
5.62532e-09
1.09465e-08
1.98123e-08
3.448e-08
5.85365e-08
9.75863e-08
1.60215e-07
2.59277e-07
4.13505e-07
6.4933e-07
1.00262e-06
1.51974e-06
2.25717e-06
3.27864e-06
4.64923e-06
6.42697e-06
8.65351e-06
1.13467e-05
1.44971e-05
1.80694e-05
2.20069e-05
2.62375e-05
3.06802e-05
3.52498e-05
3.98613e-05
4.44323e-05
4.88861e-05
5.31542e-05
5.71817e-05
6.09375e-05
6.44343e-05
6.77622e-05
7.11273e-05
7.48708e-05
7.94728e-05
8.55733e-05
9.39358e-05
0.000105441
0.00012111
0.00014216
0.000170085
0.000206766
0.000254612
0.000316732
0.000397161
0.000501154
0.000635562
0.000809333
0.00103417
0.00132538
0.00170307
0.00219364
0.00283188
0.00366368
0.00474002
0.00611471
0.00797552
0.0104153
0.0136193
0.0206374
0.0383903
0.0561749
0.073729
0.0908457
0.107362
0.123148
0.138096
0.152116
0.165125
0.177054
0.187877
0.197484
0.205799
0.212759
0.21836
0.222612
0.225585
0.22751
0.228667
0.229318
0.229663
0.229838
0.229924
0.229965
0.229984
0.229993
0.229997
0.229999
0.229999
0.23
0.23
0.23
0.23
0.23
0.23
0.23
0.23
0.23
5.70535e-10
2.49352e-09
5.72773e-09
1.1147e-08
2.0179e-08
3.51274e-08
5.96566e-08
9.94976e-08
1.63441e-07
2.64667e-07
4.22414e-07
6.63884e-07
1.02607e-06
1.55698e-06
2.31525e-06
3.36745e-06
4.78208e-06
6.62101e-06
8.92991e-06
1.17304e-05
1.50166e-05
1.87556e-05
2.28924e-05
2.73562e-05
3.20658e-05
3.69354e-05
4.18782e-05
4.68096e-05
5.16496e-05
5.63262e-05
6.07809e-05
6.49806e-05
6.89412e-05
7.27654e-05
7.66843e-05
8.10685e-05
8.64293e-05
9.34435e-05
0.000102908
0.000115736
0.000132981
0.000155899
0.000186034
0.000225324
0.000276243
0.00034198
0.000426657
0.000535619
0.00067581
0.000856258
0.00108871
0.00138849
0.00177557
0.00227606
0.00292412
0.00376455
0.00484585
0.00621866
0.00806778
0.0104789
0.0136325
0.022699
0.0404145
0.0581512
0.0756443
0.0926868
0.109113
0.124796
0.139634
0.153536
0.166448
0.178297
0.188995
0.198466
0.20664
0.213458
0.218891
0.222963
0.225821
0.227656
0.22875
0.229362
0.229686
0.229849
0.229929
0.229967
0.229985
0.229993
0.229997
0.229999
0.229999
0.23
0.23
0.23
0.23
0.23
0.23
0.23
0.23
0.23
5.79976e-10
2.53482e-09
5.82293e-09
1.13336e-08
2.05204e-08
3.57312e-08
6.07029e-08
1.01287e-07
1.66468e-07
2.69737e-07
4.30818e-07
6.77656e-07
1.04835e-06
1.59246e-06
2.37083e-06
3.4528e-06
4.91034e-06
6.80928e-06
9.1995e-06
1.21068e-05
1.55291e-05
1.94368e-05
2.37775e-05
2.84822e-05
3.34707e-05
3.86577e-05
4.39557e-05
4.92789e-05
5.45453e-05
5.96803e-05
6.46227e-05
6.93385e-05
7.38483e-05
7.82698e-05
8.28607e-05
8.80159e-05
9.42707e-05
0.000102333
0.000113027
0.000127292
0.000146215
0.000171089
0.0002035
0.000245441
0.000299445
0.000368764
0.00045759
0.000571337
0.00071701
0.000903687
0.00114314
0.00145066
0.00184612
0.00235544
0.00301234
0.00386072
0.00494765
0.00632438
0.00817494
0.0105826
0.0137271
0.0244615
0.0421625
0.0598608
0.0772936
0.0942556
0.110605
0.126214
0.14098
0.154818
0.167638
0.17937
0.189947
0.199294
0.207338
0.214025
0.219325
0.223276
0.226012
0.227774
0.228818
0.229398
0.229704
0.229858
0.229933
0.229969
0.229986
0.229994
0.229997
0.229999
0.229999
0.23
0.23
0.23
0.23
0.23
0.23
0.23
0.23
0.23
5.8852e-10
2.57221e-09
5.90915e-09
1.15026e-08
2.08302e-08
3.62796e-08
6.16548e-08
1.02917e-07
1.69232e-07
2.74378e-07
4.38534e-07
6.90338e-07
1.06893e-06
1.62537e-06
2.42256e-06
3.53259e-06
5.03081e-06
6.98702e-06
9.4554e-06
1.24662e-05
1.60215e-05
2.00957e-05
2.46398e-05
2.95873e-05
3.48608e-05
4.03762e-05
4.60473e-05
5.17887e-05
5.75182e-05
6.31602e-05
6.86528e-05
7.39634e-05
7.91195e-05
8.42575e-05
8.96611e-05
9.57402e-05
0.000103043
0.000112301
0.000124361
0.000140189
0.000160903
0.000187833
0.000222614
0.00026729
0.000324452
0.000397417
0.000490439
0.000608998
0.00076016
0.00095305
0.00119947
0.00151471
0.00191859
0.00243675
0.00310255
0.00396002
0.00505544
0.0064401
0.00829588
0.0107035
0.0138367
0.0259574
0.0436485
0.0613175
0.0787059
0.0956315
0.111928
0.127471
0.142159
0.155905
0.16863
0.180263
0.190739
0.199979
0.207913
0.214488
0.219678
0.223528
0.22618
0.227868
0.228871
0.229427
0.229719
0.229865
0.229937
0.229971
0.229987
0.229994
0.229997
0.229999
0.23
0.23
0.23
0.23
0.23
0.23
0.23
0.23
0.23
0.23
5.95988e-10
2.60489e-09
5.98453e-09
1.16506e-08
2.11014e-08
3.67603e-08
6.24904e-08
1.04351e-07
1.71668e-07
2.78478e-07
4.45365e-07
7.01599e-07
1.08726e-06
1.65478e-06
2.46898e-06
3.60449e-06
5.13987e-06
7.14872e-06
9.6895e-06
1.2797e-05
1.64776e-05
2.07102e-05
2.54498e-05
3.06338e-05
3.61882e-05
4.20324e-05
4.8083e-05
5.42571e-05
6.04749e-05
6.66629e-05
7.27616e-05
7.87431e-05
8.46465e-05
9.06304e-05
9.70023e-05
0.000104169
0.000112678
0.000123277
0.000136833
0.000154339
0.000176945
0.000206027
0.000243267
0.000290765
0.000351172
0.000427869
0.000525177
0.000648641
0.000805386
0.00100459
0.00125809
0.0015811
0.00199323
0.0025202
0.00319599
0.00406411
0.0051682
0.00656018
0.00842141
0.0108299
0.013945
0.0271684
0.0448664
0.0625178
0.0798843
0.0967659
0.11301
0.128493
0.143114
0.156787
0.169435
0.180988
0.19138
0.200533
0.208377
0.214859
0.21996
0.223728
0.226311
0.227949
0.228914
0.229449
0.22973
0.229871
0.229939
0.229972
0.229987
0.229994
0.229998
0.229999
0.23
0.23
0.23
0.23
0.23
0.23
0.23
0.23
0.23
0.23
6.02203e-10
2.63209e-09
6.0473e-09
1.17738e-08
2.13276e-08
3.71615e-08
6.31887e-08
1.05551e-07
1.7371e-07
2.81922e-07
4.51118e-07
7.11105e-07
1.10278e-06
1.67977e-06
2.50855e-06
3.66602e-06
5.23362e-06
7.28839e-06
9.89276e-06
1.30858e-05
1.68783e-05
2.12538e-05
2.61716e-05
3.15739e-05
3.73911e-05
4.35474e-05
4.99642e-05
5.6564e-05
6.32721e-05
7.00209e-05
7.67582e-05
8.34665e-05
9.02027e-05
9.7153e-05
0.000104642
0.000113046
0.000122895
0.000134948
0.000150092
0.000169347
0.000193904
0.000225183
0.00026492
0.000315273
0.000378956
0.000459412
0.000561029
0.000689416
0.000851742
0.0010572
0.00131757
0.00164813
0.00206873
0.00260519
0.00329027
0.00416708
0.00527817
0.00667567
0.00853961
0.0109457
0.0140419
0.0281178
0.0458303
0.0634767
0.0808175
0.0976632
0.113863
0.129297
0.143864
0.157479
0.170067
0.181556
0.191882
0.200965
0.208738
0.215148
0.220178
0.223881
0.226412
0.22801
0.228949
0.229467
0.229739
0.229875
0.229941
0.229973
0.229988
0.229995
0.229998
0.229999
0.23
0.23
0.23
0.23
0.23
0.23
0.23
0.23
0.23
0.23
6.07006e-10
2.65311e-09
6.09583e-09
1.18691e-08
2.15026e-08
3.74723e-08
6.37301e-08
1.06483e-07
1.75298e-07
2.84604e-07
4.55608e-07
7.18543e-07
1.11495e-06
1.69942e-06
2.53978e-06
3.71476e-06
5.30816e-06
7.39993e-06
1.00559e-05
1.33187e-05
1.72034e-05
2.16974e-05
2.67648e-05
3.23523e-05
3.83953e-05
4.48236e-05
5.15651e-05
5.85491e-05
6.57093e-05
7.29881e-05
8.03457e-05
8.77823e-05
9.53817e-05
0.000103365
0.000112062
0.000121793
0.000133047
0.00014659
0.000163328
0.000184313
0.000210777
0.000244191
0.000286346
0.000339457
0.000406299
0.000490373
0.000596121
0.000729192
0.000896798
0.00110817
0.0013752
0.00171328
0.00214204
0.00268653
0.00337942
0.00426308
0.00537854
0.0067769
0.0086356
0.0110262
0.0140849
0.0288065
0.0465444
0.0641922
0.0815172
0.0983363
0.114503
0.129898
0.144424
0.157995
0.170536
0.181977
0.192253
0.201285
0.209004
0.21536
0.220338
0.223993
0.226484
0.228054
0.228974
0.22948
0.229745
0.229878
0.229943
0.229974
0.229988
0.229995
0.229998
0.229999
0.23
0.23
0.23
0.23
0.23
0.23
0.23
0.23
0.23
0.23
6.10269e-10
2.66739e-09
6.12879e-09
1.19338e-08
2.16215e-08
3.76834e-08
6.40981e-08
1.07117e-07
1.76379e-07
2.86431e-07
4.58669e-07
7.23622e-07
1.12328e-06
1.7129e-06
2.56126e-06
3.74838e-06
5.35976e-06
7.47744e-06
1.01697e-05
1.3482e-05
1.74325e-05
2.20119e-05
2.71878e-05
3.29109e-05
3.91212e-05
4.57536e-05
5.2742e-05
6.0023e-05
6.75395e-05
7.52451e-05
8.31152e-05
9.11717e-05
9.95299e-05
0.000108446
0.000118246
0.000129293
0.000141895
0.00015682
0.000174995
0.00019751
0.000225642
0.000260911
0.000305161
0.000360661
0.000430245
0.000517472
0.000626844
0.000764082
0.000936478
0.00115335
0.00142656
0.00177118
0.00220668
0.00275801
0.00345731
0.00434608
0.00546426
0.00686028
0.00870869
0.0110757
0.0140848
0.0292791
0.0470345
0.0646819
0.0819947
0.0987939
0.114936
0.130304
0.144799
0.158339
0.170848
0.182256
0.192499
0.201496
0.209179
0.215499
0.220442
0.224066
0.226531
0.228082
0.22899
0.229489
0.22975
0.22988
0.229944
0.229974
0.229988
0.229995
0.229998
0.229999
0.23
0.23
0.23
0.23
0.23
0.23
0.23
0.23
0.23
0.23
6.11896e-10
2.6745e-09
6.14516e-09
1.19659e-08
2.16802e-08
3.77873e-08
6.42786e-08
1.07426e-07
1.76906e-07
2.87321e-07
4.60158e-07
7.26088e-07
1.12733e-06
1.71944e-06
2.57169e-06
3.76474e-06
5.38493e-06
7.51538e-06
1.02256e-05
1.35627e-05
1.75462e-05
2.21688e-05
2.74001e-05
3.3193e-05
3.94903e-05
4.62297e-05
5.33492e-05
6.07899e-05
6.85003e-05
7.64416e-05
8.45991e-05
9.30088e-05
0.000101803
0.000111245
0.000121725
0.000133662
0.000147418
0.00016338
0.00018256
0.000206106
0.000235345
0.000271841
0.000317481
0.000374578
0.000446009
0.000535383
0.000647249
0.000787373
0.000963077
0.00118368
0.00146105
0.00181034
0.00225095
0.00280774
0.00351263
0.00440672
0.00552916
0.00692731
0.0087742
0.0111331
0.0141211
0.0295215
0.0472933
0.0649409
0.0822456
0.0990322
0.115159
0.13051
0.144989
0.158512
0.171004
0.182395
0.19262
0.201598
0.209264
0.215566
0.220492
0.2241
0.226553
0.228095
0.228997
0.229493
0.229752
0.229881
0.229944
0.229974
0.229988
0.229995
0.229998
0.229999
0.23
0.23
0.23
0.23
0.23
0.23
0.23
0.23
0.23
0.23
6.11903e-10
2.67453e-09
6.14523e-09
1.1966e-08
2.16804e-08
3.77877e-08
6.42793e-08
1.07428e-07
1.76908e-07
2.87324e-07
4.60162e-07
7.26095e-07
1.12734e-06
1.71946e-06
2.57171e-06
3.76476e-06
5.38496e-06
7.51541e-06
1.02256e-05
1.35627e-05
1.75462e-05
2.21688e-05
2.74e-05
3.31929e-05
3.94901e-05
4.62296e-05
5.3349e-05
6.07896e-05
6.85e-05
7.64413e-05
8.45989e-05
9.30086e-05
0.000101803
0.000111245
0.000121725
0.000133662
0.000147419
0.000163381
0.000182561
0.000206107
0.000235345
0.000271841
0.000317479
0.000374575
0.000446003
0.000535372
0.000647232
0.000787348
0.00096304
0.00118362
0.00146097
0.00181023
0.00225081
0.00280755
0.00351239
0.00440644
0.00552887
0.00692708
0.0087741
0.0111332
0.0141212
0.0295224
0.0472943
0.0649419
0.0822466
0.0990331
0.11516
0.130511
0.14499
0.158513
0.171004
0.182395
0.19262
0.201599
0.209264
0.215566
0.220492
0.224101
0.226553
0.228095
0.228997
0.229493
0.229752
0.229881
0.229944
0.229974
0.229988
0.229995
0.229998
0.229999
0.23
0.23
0.23
0.23
0.23
0.23
0.23
0.23
0.23
0.23
6.10291e-10
2.66749e-09
6.129e-09
1.19342e-08
2.16222e-08
3.76847e-08
6.41002e-08
1.0712e-07
1.76385e-07
2.8644e-07
4.58683e-07
7.23643e-07
1.12331e-06
1.71294e-06
2.56132e-06
3.74845e-06
5.35984e-06
7.47754e-06
1.01698e-05
1.34821e-05
1.74325e-05
2.20119e-05
2.71877e-05
3.29107e-05
3.91208e-05
4.57531e-05
5.27413e-05
6.00223e-05
6.75387e-05
7.52443e-05
8.31145e-05
9.1171e-05
9.95294e-05
0.000108446
0.000118246
0.000129293
0.000141896
0.000156821
0.000174997
0.000197512
0.000225644
0.000260913
0.000305162
0.000360661
0.000430243
0.000517467
0.000626837
0.000764072
0.000936468
0.00115334
0.00142656
0.0017712
0.00220673
0.00275813
0.00345756
0.00434654
0.00546501
0.00686137
0.00871012
0.0110772
0.0140851
0.0292813
0.0470366
0.064684
0.0819968
0.098796
0.114938
0.130305
0.144801
0.158341
0.17085
0.182258
0.1925
0.201497
0.20918
0.2155
0.220442
0.224066
0.226532
0.228082
0.22899
0.229489
0.22975
0.22988
0.229944
0.229974
0.229988
0.229995
0.229998
0.229999
0.23
0.23
0.23
0.23
0.23
0.23
0.23
0.23
0.23
0.23
6.07047e-10
2.65329e-09
6.09624e-09
1.18699e-08
2.15041e-08
3.74749e-08
6.37347e-08
1.06491e-07
1.75311e-07
2.84625e-07
4.55641e-07
7.18595e-07
1.11503e-06
1.69954e-06
2.53996e-06
3.715e-06
5.30848e-06
7.40034e-06
1.00564e-05
1.33193e-05
1.7204e-05
2.16981e-05
2.67655e-05
3.23529e-05
3.83959e-05
4.48241e-05
5.15656e-05
5.85496e-05
6.57099e-05
7.29888e-05
8.03466e-05
8.77836e-05
9.53834e-05
0.000103367
0.000112066
0.000121797
0.000133052
0.000146596
0.000163335
0.000184321
0.000210787
0.000244203
0.000286359
0.000339472
0.000406315
0.000490392
0.000596141
0.000729214
0.000896821
0.00110819
0.00137523
0.00171333
0.00214211
0.00268661
0.00337952
0.00426323
0.00537874
0.00677719
0.008636
0.0110267
0.0140855
0.0288114
0.0465491
0.0641967
0.0815214
0.0983403
0.114507
0.129902
0.144427
0.157997
0.170538
0.181979
0.192255
0.201286
0.209005
0.215361
0.220339
0.223994
0.226485
0.228054
0.228974
0.22948
0.229746
0.229878
0.229943
0.229974
0.229988
0.229995
0.229998
0.229999
0.23
0.23
0.23
0.23
0.23
0.23
0.23
0.23
0.23
0.23
6.02258e-10
2.63233e-09
6.04785e-09
1.17749e-08
2.13296e-08
3.7165e-08
6.31946e-08
1.05561e-07
1.73727e-07
2.81949e-07
4.51161e-07
7.11173e-07
1.10288e-06
1.67992e-06
2.50877e-06
3.66633e-06
5.23402e-06
7.2889e-06
9.89337e-06
1.30864e-05
1.68791e-05
2.12545e-05
2.61723e-05
3.15746e-05
3.73917e-05
4.35478e-05
4.99646e-05
5.65642e-05
6.32723e-05
7.00212e-05
7.67586e-05
8.34673e-05
9.02039e-05
9.71549e-05
0.000104644
0.000113049
0.000122899
0.000134954
0.0001501
0.000169357
0.000193917
0.000225199
0.00026494
0.000315298
0.000378987
0.000459451
0.00056108
0.000689479
0.000851819
0.00105729
0.00131767
0.00164824
0.00206884
0.00260528
0.0032903
0.00416699
0.00527791
0.00667522
0.00853903
0.0109454
0.0140428
0.0281254
0.0458378
0.0634838
0.080824
0.0976691
0.113869
0.129302
0.143868
0.157483
0.17007
0.181559
0.191885
0.200968
0.20874
0.21515
0.220179
0.223882
0.226412
0.22801
0.228949
0.229467
0.229739
0.229875
0.229941
0.229973
0.229988
0.229995
0.229998
0.229999
0.23
0.23
0.23
0.23
0.23
0.23
0.23
0.23
0.23
0.23
5.96056e-10
2.60518e-09
5.98522e-09
1.16519e-08
2.11039e-08
3.67646e-08
6.24977e-08
1.04364e-07
1.71688e-07
2.7851e-07
4.45418e-07
7.0168e-07
1.08738e-06
1.65497e-06
2.46924e-06
3.60485e-06
5.14035e-06
7.14933e-06
9.69023e-06
1.27978e-05
1.64785e-05
2.07111e-05
2.54506e-05
3.06346e-05
3.61888e-05
4.20328e-05
4.80832e-05
5.42572e-05
6.04749e-05
6.66628e-05
7.27616e-05
7.87434e-05
8.46472e-05
9.06316e-05
9.70042e-05
0.000104172
0.000112682
0.000123283
0.000136841
0.000154349
0.000176959
0.000206045
0.000243291
0.000290796
0.000351214
0.000427925
0.000525252
0.000648742
0.000805523
0.00100478
0.00125834
0.00158143
0.00199367
0.00252077
0.0031967
0.00406498
0.00516919
0.00656126
0.00842249
0.0108309
0.0139459
0.0271772
0.0448748
0.0625257
0.0798919
0.0967731
0.113016
0.128499
0.143119
0.156792
0.169439
0.180992
0.191384
0.200536
0.208379
0.214861
0.219962
0.223729
0.226312
0.227949
0.228914
0.229449
0.22973
0.229871
0.229939
0.229972
0.229987
0.229994
0.229998
0.229999
0.23
0.23
0.23
0.23
0.23
0.23
0.23
0.23
0.23
0.23
5.886e-10
2.57256e-09
5.90995e-09
1.15042e-08
2.0833e-08
3.62845e-08
6.16633e-08
1.02932e-07
1.69256e-07
2.74416e-07
4.38594e-07
6.90432e-07
1.06907e-06
1.62558e-06
2.42286e-06
3.53301e-06
5.03137e-06
6.98772e-06
9.45625e-06
1.24672e-05
1.60226e-05
2.00968e-05
2.46408e-05
2.95882e-05
3.48615e-05
4.03766e-05
4.60476e-05
5.17888e-05
5.75181e-05
6.31599e-05
6.86525e-05
7.39633e-05
7.91197e-05
8.42581e-05
8.96625e-05
9.57425e-05
0.000103046
0.000112306
0.000124368
0.000140199
0.000160916
0.000187851
0.000222637
0.000267319
0.000324491
0.000397466
0.000490503
0.000609082
0.000760269
0.000953192
0.00119965
0.00151495
0.00191889
0.00243712
0.00310299
0.00396057
0.00505608
0.00644085
0.00829676
0.0107045
0.0138376
0.0259685
0.0436594
0.0613282
0.0787164
0.0956414
0.111937
0.127479
0.142166
0.155911
0.168635
0.180268
0.190743
0.199982
0.207916
0.21449
0.21968
0.223529
0.226181
0.227869
0.228871
0.229427
0.229719
0.229865
0.229937
0.229971
0.229987
0.229994
0.229997
0.229999
0.23
0.23
0.23
0.23
0.23
0.23
0.23
0.23
0.23
0.23
5.80066e-10
2.53522e-09
5.82384e-09
1.13353e-08
2.05237e-08
3.57368e-08
6.07126e-08
1.01303e-07
1.66494e-07
2.69779e-07
4.30887e-07
6.77762e-07
1.04851e-06
1.5927e-06
2.37117e-06
3.45327e-06
4.91097e-06
6.81008e-06
9.20047e-06
1.2108e-05
1.55303e-05
1.9438e-05
2.37787e-05
2.84832e-05
3.34716e-05
3.86583e-05
4.39561e-05
4.9279e-05
5.45452e-05
5.968e-05
6.46223e-05
6.93382e-05
7.38482e-05
7.82701e-05
8.28617e-05
8.80178e-05
9.42738e-05
0.000102338
0.000113034
0.000127302
0.000146228
0.000171106
0.000203523
0.00024547
0.000299481
0.00036881
0.000457647
0.000571407
0.000717097
0.000903792
0.00114327
0.00145081
0.0018463
0.00235564
0.00301258
0.00386101
0.004948
0.00632484
0.00817555
0.0105833
0.0137278
0.0244743
0.0421746
0.0598721
0.0773037
0.0942645
0.110613
0.126222
0.140987
0.154825
0.167644
0.179375
0.189952
0.199298
0.207342
0.214027
0.219327
0.223278
0.226013
0.227775
0.228818
0.229398
0.229704
0.229858
0.229933
0.229969
0.229986
0.229994
0.229997
0.229999
0.229999
0.23
0.23
0.23
0.23
0.23
0.23
0.23
0.23
0.23
5.70637e-10
2.49396e-09
5.72875e-09
1.1149e-08
2.01826e-08
3.51337e-08
5.96673e-08
9.95155e-08
1.6347e-07
2.64714e-07
4.2249e-07
6.64002e-07
1.02625e-06
1.55724e-06
2.31563e-06
3.36797e-06
4.78278e-06
6.6219e-06
8.93099e-06
1.17317e-05
1.50179e-05
1.8757e-05
2.28938e-05
2.73575e-05
3.20669e-05
3.69363e-05
4.18788e-05
4.68099e-05
5.16497e-05
5.63261e-05
6.07806e-05
6.49803e-05
6.89411e-05
7.27655e-05
7.66851e-05
8.10701e-05
8.64322e-05
9.34482e-05
0.000102915
0.000115746
0.000132994
0.000155918
0.000186058
0.000225354
0.000276282
0.000342029
0.000426718
0.000535696
0.000675906
0.000856377
0.00108886
0.00138867
0.0017758
0.00227634
0.00292446
0.00376498
0.00484638
0.00621931
0.00806852
0.0104796
0.0136329
0.0227135
0.0404283
0.0581642
0.0756565
0.0926981
0.109123
0.124806
0.139643
0.153545
0.166455
0.178304
0.189001
0.198471
0.206644
0.213462
0.218893
0.222965
0.225822
0.227656
0.22875
0.229362
0.229686
0.229849
0.229929
0.229967
0.229985
0.229993
0.229997
0.229999
0.229999
0.23
0.23
0.23
0.23
0.23
0.23
0.23
0.23
0.23
5.60486e-10
2.44956e-09
5.62645e-09
1.09486e-08
1.98163e-08
3.44869e-08
5.85483e-08
9.76059e-08
1.60247e-07
2.59329e-07
4.13587e-07
6.49458e-07
1.00281e-06
1.52003e-06
2.25759e-06
3.27921e-06
4.64999e-06
6.42794e-06
8.65469e-06
1.13481e-05
1.44986e-05
1.8071e-05
2.20085e-05
2.6239e-05
3.06815e-05
3.5251e-05
3.98621e-05
4.44328e-05
4.88863e-05
5.31542e-05
5.71815e-05
6.09373e-05
6.44342e-05
6.77623e-05
7.1128e-05
7.48723e-05
7.94757e-05
8.55781e-05
9.39431e-05
0.000105452
0.000121125
0.00014218
0.000170112
0.000206802
0.000254659
0.000316793
0.000397239
0.000501254
0.000635691
0.000809498
0.00103438
0.00132565
0.00170341
0.00219408
0.00283244
0.00366437
0.00474076
0.00611531
0.00797577
0.0104148
0.0136178
0.0206552
0.0384066
0.0561901
0.0737432
0.090859
0.107374
0.123159
0.138107
0.152125
0.165134
0.177062
0.187884
0.19749
0.205804
0.212763
0.218363
0.222614
0.225586
0.227511
0.228668
0.229318
0.229663
0.229838
0.229924
0.229965
0.229984
0.229993
0.229997
0.229999
0.229999
0.23
0.23
0.23
0.23
0.23
0.23
0.23
0.23
0.23
5.49774e-10
2.40272e-09
5.51856e-09
1.07375e-08
1.94307e-08
3.38071e-08
5.73743e-08
9.56067e-08
1.56881e-07
2.5372e-07
4.04343e-07
6.34406e-07
9.78632e-07
1.48179e-06
2.19819e-06
3.18877e-06
4.5153e-06
6.23213e-06
8.37714e-06
1.09647e-05
1.39826e-05
1.73933e-05
2.1139e-05
2.51475e-05
2.93384e-05
3.36281e-05
3.79339e-05
4.21766e-05
4.62832e-05
5.01892e-05
5.38438e-05
5.7218e-05
6.03227e-05
6.32367e-05
6.61436e-05
6.93534e-05
7.3311e-05
7.86151e-05
8.59892e-05
9.62772e-05
0.000110461
0.000129714
0.000155475
0.000189555
0.000234276
0.000292642
0.00036856
0.000467131
0.000595024
0.000760977
0.000976453
0.00125653
0.00162108
0.00209639
0.00271739
0.00353068
0.00459031
0.00595523
0.0078235
0.0103102
0.0136521
0.0185087
0.0362431
0.0540317
0.0716124
0.0887785
0.105366
0.121243
0.136301
0.150448
0.163599
0.175675
0.186592
0.196345
0.204847
0.212035
0.217823
0.222209
0.225309
0.227339
0.228569
0.229265
0.229636
0.229825
0.229918
0.229962
0.229983
0.229992
0.229997
0.229999
0.229999
0.23
0.23
0.23
0.23
0.23
0.23
0.23
0.23
0.23
5.38632e-10
2.354e-09
5.40642e-09
1.05183e-08
1.90308e-08
3.31032e-08
5.61609e-08
9.35451e-08
1.53419e-07
2.47968e-07
3.94894e-07
6.19072e-07
9.54093e-07
1.44314e-06
2.13838e-06
3.09808e-06
4.38085e-06
6.03755e-06
8.10264e-06
1.05874e-05
1.34772e-05
1.67331e-05
2.02965e-05
2.40957e-05
2.80516e-05
3.20827e-05
3.61089e-05
4.00545e-05
4.38505e-05
4.74365e-05
5.07655e-05
5.38109e-05
5.65817e-05
5.91477e-05
6.16712e-05
6.44319e-05
6.78375e-05
7.24418e-05
7.89243e-05
8.80853e-05
0.000100862
0.000118375
0.000141998
0.000173459
0.000214969
0.000269389
0.000340441
0.000432983
0.000553364
0.000709891
0.000913449
0.00117831
0.00152323
0.00197286
0.0025597
0.00332668
0.00433103
0.0056078
0.00733598
0.00960991
0.0126074
0.0164848
0.0340402
0.0517285
0.0692714
0.0864505
0.103091
0.119054
0.134226
0.148511
0.161827
0.174102
0.185235
0.19519
0.203879
0.211223
0.217165
0.221719
0.224978
0.227133
0.228451
0.229201
0.229604
0.229809
0.22991
0.229958
0.229981
0.229992
0.229996
0.229998
0.229999
0.23
0.23
0.23
0.23
0.23
0.23
0.23
0.23
0.23
5.27154e-10
2.30383e-09
5.291e-09
1.02929e-08
1.86201e-08
3.23815e-08
5.49198e-08
9.14418e-08
1.49896e-07
2.42135e-07
3.85345e-07
6.03635e-07
9.29485e-07
1.40453e-06
2.07889e-06
3.00827e-06
4.24824e-06
5.84646e-06
7.83423e-06
1.02201e-05
1.29874e-05
1.6096e-05
1.94873e-05
2.30904e-05
2.68278e-05
3.06205e-05
3.43915e-05
3.80685e-05
4.15865e-05
4.48892e-05
4.79331e-05
5.06939e-05
5.31792e-05
5.54506e-05
5.76518e-05
6.00336e-05
6.2967e-05
6.69606e-05
7.26467e-05
8.07785e-05
9.22444e-05
0.000108107
0.000129671
0.000158573
0.000196903
0.000247362
0.00031346
0.000399768
0.00051225
0.000658691
0.000849249
0.00109719
0.00141981
0.00183969
0.0023863
0.00309802
0.00402426
0.00520105
0.00672412
0.00875771
0.0113833
0.0147034
0.0318607
0.0493148
0.0667399
0.083885
0.100554
0.116591
0.131874
0.146298
0.159778
0.172233
0.183547
0.193728
0.202626
0.210181
0.216351
0.221126
0.224577
0.226884
0.228307
0.229123
0.229564
0.22979
0.229901
0.229954
0.229979
0.229991
0.229996
0.229998
0.229999
0.23
0.23
0.23
0.23
0.23
0.23
0.23
0.23
0.23
5.15378e-10
2.25237e-09
5.17271e-09
1.00621e-08
1.82002e-08
3.16451e-08
5.3656e-08
8.93058e-08
1.46331e-07
2.36251e-07
3.75749e-07
5.88184e-07
9.0496e-07
1.36622e-06
2.02012e-06
2.9199e-06
4.11831e-06
5.65995e-06
7.57319e-06
9.86411e-06
1.25143e-05
1.5483e-05
1.87117e-05
2.21308e-05
2.56648e-05
2.92374e-05
3.2775e-05
3.62091e-05
3.94784e-05
4.25306e-05
4.53252e-05
4.78396e-05
5.00806e-05
5.21024e-05
5.40328e-05
5.60962e-05
5.8629e-05
6.2096e-05
6.70829e-05
7.42947e-05
8.45705e-05
9.89176e-05
0.000118573
0.000145089
0.000180445
0.000227198
0.000288668
0.000369183
0.000474386
0.000611647
0.000790584
0.00102376
0.00132757
0.00172345
0.00223945
0.00291228
0.00378752
0.0049076
0.006357
0.00831567
0.010882
0.0142271
0.0295335
0.0466502
0.0639128
0.0810053
0.0976956
0.113807
0.129204
0.143773
0.157421
0.170065
0.181578
0.191981
0.201131
0.208955
0.215393
0.220422
0.224098
0.226583
0.228132
0.229029
0.229515
0.229766
0.22989
0.229949
0.229977
0.22999
0.229995
0.229998
0.229999
0.23
0.23
0.23
0.23
0.23
0.23
0.23
0.23
0.23
5.03283e-10
2.19954e-09
5.05134e-09
9.82555e-09
1.77707e-08
3.08933e-08
5.23694e-08
8.71383e-08
1.42725e-07
2.30325e-07
3.66126e-07
5.72756e-07
8.80573e-07
1.32827e-06
1.9621e-06
2.83289e-06
3.99059e-06
5.47672e-06
7.31667e-06
9.51405e-06
1.20494e-05
1.48816e-05
1.79531e-05
2.1196e-05
2.45374e-05
2.79044e-05
3.12273e-05
3.44421e-05
3.74916e-05
4.03266e-05
4.29074e-05
4.52124e-05
4.72472e-05
4.90604e-05
5.07659e-05
5.2565e-05
5.47626e-05
5.77831e-05
6.21676e-05
6.85752e-05
7.77975e-05
9.07909e-05
0.000108733
0.000133103
0.000165791
0.000209235
0.000266609
0.000342057
0.000440994
0.000570514
0.000739904
0.000961337
0.00125078
0.0016292
0.00212418
0.00277205
0.00362074
0.00471501
0.00612959
0.00804659
0.0105728
0.013909
0.0260479
0.0432267
0.0605313
0.0776774
0.0944455
0.110664
0.126194
0.140925
0.15476
0.167613
0.179374
0.190026
0.199447
0.207557
0.214287
0.219601
0.223531
0.226223
0.227922
0.228914
0.229457
0.229737
0.229876
0.229943
0.229974
0.229988
0.229995
0.229998
0.229999
0.23
0.23
0.23
0.23
0.23
0.23
0.23
0.23
0.23
4.90746e-10
2.14479e-09
4.92563e-09
9.58077e-09
1.73267e-08
3.01176e-08
5.10447e-08
8.49125e-08
1.39035e-07
2.24282e-07
3.56349e-07
5.5714e-07
8.55967e-07
1.29006e-06
1.90367e-06
2.74497e-06
3.86039e-06
5.28678e-06
7.04304e-06
9.12303e-06
1.15271e-05
1.4212e-05
1.712e-05
2.01844e-05
2.33351e-05
2.65031e-05
2.96245e-05
3.26441e-05
3.55185e-05
3.82187e-05
4.06369e-05
4.27732e-05
4.46413e-05
4.62851e-05
4.78076e-05
4.9391e-05
5.13123e-05
5.39595e-05
5.78325e-05
6.35473e-05
7.18508e-05
8.36529e-05
0.000100079
0.000122546
0.000152868
0.000193388
0.000247163
0.000318192
0.000411718
0.000534631
0.000695988
0.000907714
0.00118553
0.00155018
0.00202916
0.00265894
0.00348807
0.00456699
0.00596946
0.0078792
0.0104083
0.0137677
0.0222033
0.0394489
0.0568119
0.0740251
0.0908797
0.10721
0.122881
0.137781
0.151812
0.164887
0.176921
0.187839
0.197553
0.205973
0.213023
0.21865
0.222869
0.225799
0.227672
0.228778
0.229387
0.229703
0.22986
0.229935
0.229971
0.229987
0.229994
0.229998
0.229999
0.23
0.23
0.23
0.23
0.23
0.23
0.23
0.23
0.23
4.77607e-10
2.08743e-09
4.79402e-09
9.32481e-09
1.68633e-08
2.93102e-08
4.96712e-08
8.26158e-08
1.35249e-07
2.18122e-07
3.46456e-07
5.41465e-07
8.31491e-07
1.25246e-06
1.84696e-06
2.66133e-06
3.74038e-06
5.12069e-06
6.8243e-06
8.8557e-06
1.11974e-05
1.38012e-05
1.66093e-05
1.95551e-05
2.25679e-05
2.55767e-05
2.85136e-05
3.13161e-05
3.3932e-05
3.63155e-05
3.85016e-05
4.04652e-05
4.22249e-05
4.37402e-05
4.51184e-05
4.65304e-05
4.82279e-05
5.05661e-05
5.40076e-05
5.91279e-05
6.66314e-05
7.73836e-05
9.24604e-05
0.000113221
0.000141406
0.000179269
0.000229747
0.00029669
0.000385151
0.000501776
0.000655317
0.000857307
0.00112298
0.00147249
0.0019326
0.00253897
0.00333938
0.00438741
0.00575736
0.00764087
0.0101752
0.013625
0.0184411
0.0356735
0.0530254
0.0702495
0.0871482
0.10356
0.11935
0.134407
0.148631
0.161934
0.174229
0.185409
0.195441
0.204196
0.211592
0.217564
0.222102
0.225302
0.227376
0.228615
0.229303
0.229663
0.229841
0.229927
0.229967
0.229985
0.229994
0.229997
0.229999
0.229999
0.23
0.23
0.23
0.23
0.23
0.23
0.23
0.23
4.63557e-10
2.02602e-09
4.65285e-09
9.04965e-09
1.63643e-08
2.84397e-08
4.81905e-08
8.01439e-08
1.31188e-07
2.11551e-07
3.35986e-07
5.25052e-07
8.0621e-07
1.21426e-06
1.79044e-06
2.57957e-06
3.62488e-06
4.96124e-06
6.60809e-06
8.59335e-06
1.08625e-05
1.33791e-05
1.60875e-05
1.89224e-05
2.18158e-05
2.47005e-05
2.75129e-05
3.01947e-05
3.26909e-05
3.49527e-05
3.696e-05
3.86925e-05
4.0144e-05
4.14458e-05
4.26657e-05
4.39595e-05
4.548e-05
4.75645e-05
5.06422e-05
5.52516e-05
6.20565e-05
7.18787e-05
8.57448e-05
0.000104955
0.000131176
0.000166561
0.000213919
0.000276918
0.000360369
0.00047058
0.000615826
0.000806963
0.00105823
0.00138833
0.00182178
0.00239082
0.0031378
0.0041155
0.00536445
0.00704195
0.00922714
0.0120608
0.0156392
0.0324686
0.0495562
0.0666279
0.0834622
0.0998806
0.115738
0.130912
0.145301
0.158812
0.171355
0.18279
0.193142
0.202244
0.210005
0.216346
0.221235
0.224736
0.227039
0.228431
0.229209
0.229617
0.22982
0.229917
0.229963
0.229983
0.229993
0.229997
0.229999
0.229999
0.23
0.23
0.23
0.23
0.23
0.23
0.23
0.23
4.48781e-10
1.96131e-09
4.5036e-09
8.75783e-09
1.5834e-08
2.75153e-08
4.66231e-08
7.75427e-08
1.26949e-07
2.04755e-07
3.25254e-07
5.08339e-07
7.80609e-07
1.17578e-06
1.73383e-06
2.49834e-06
3.51184e-06
4.81065e-06
6.42549e-06
8.34876e-06
1.05422e-05
1.29681e-05
1.55725e-05
1.8293e-05
2.10639e-05
2.38211e-05
2.65044e-05
2.90593e-05
3.14377e-05
3.36011e-05
3.55234e-05
3.71889e-05
3.85963e-05
3.9772e-05
4.07976e-05
4.18081e-05
4.31046e-05
4.49765e-05
4.77457e-05
5.19203e-05
5.81249e-05
6.71386e-05
7.99407e-05
9.77744e-05
0.000122234
0.000155377
0.000199881
0.000259237
0.000338007
0.000442154
0.000579464
0.000760097
0.000997287
0.00130825
0.00171535
0.00224755
0.00294228
0.00384775
0.00499903
0.00653364
0.00852797
0.0111175
0.0144435
0.0299388
0.0465349
0.063323
0.0800063
0.0963656
0.112233
0.127476
0.141982
0.155656
0.168406
0.180099
0.190741
0.200172
0.208292
0.215007
0.220261
0.224086
0.226645
0.228213
0.229097
0.229564
0.229795
0.229906
0.229958
0.229981
0.229992
0.229996
0.229999
0.229999
0.23
0.23
0.23
0.23
0.23
0.23
0.23
0.23
4.3383e-10
1.89512e-09
4.348e-09
8.4464e-09
1.5254e-08
2.64803e-08
4.48332e-08
7.4529e-08
1.22003e-07
1.96845e-07
3.1295e-07
4.89784e-07
7.53438e-07
1.13715e-06
1.68054e-06
2.42699e-06
3.4185e-06
4.68797e-06
6.24502e-06
8.09404e-06
1.02182e-05
1.25686e-05
1.50875e-05
1.77127e-05
2.03798e-05
2.30265e-05
2.55949e-05
2.80339e-05
3.02998e-05
3.2358e-05
3.41844e-05
3.57684e-05
3.71154e-05
3.82546e-05
3.92562e-05
4.02351e-05
4.1372e-05
4.29447e-05
4.54176e-05
4.92488e-05
5.49714e-05
6.33317e-05
7.52701e-05
9.19832e-05
0.000115007
0.000146323
0.000188509
0.00024492
0.000319938
0.000419284
0.000550427
0.000723106
0.000950013
0.00124768
0.00163763
0.00214793
0.0028152
0.00368741
0.00480136
0.00625365
0.00819834
0.0107427
0.014077
0.0270611
0.0436275
0.0603487
0.0769698
0.0932893
0.109147
0.124412
0.138977
0.152746
0.165632
0.177534
0.188402
0.198114
0.206561
0.213638
0.219261
0.223424
0.22625
0.227999
0.228992
0.229514
0.229773
0.229896
0.229954
0.22998
0.229991
0.229996
0.229998
0.229999
0.23
0.23
0.23
0.23
0.23
0.23
0.23
0.23
4.23825e-10
1.85001e-09
4.23865e-09
8.21887e-09
1.48118e-08
2.56563e-08
4.33468e-08
7.1926e-08
1.17575e-07
1.89533e-07
3.0124e-07
4.71608e-07
7.26161e-07
1.0976e-06
1.6251e-06
2.35167e-06
3.31907e-06
4.56111e-06
6.09701e-06
7.90301e-06
9.96864e-06
1.22551e-05
1.47074e-05
1.72628e-05
1.98572e-05
2.24291e-05
2.49225e-05
2.72878e-05
2.94834e-05
3.14758e-05
3.32416e-05
3.47691e-05
3.60631e-05
3.7154e-05
3.81098e-05
3.90518e-05
4.01717e-05
4.17324e-05
4.40614e-05
4.76093e-05
5.29942e-05
6.09251e-05
7.23101e-05
8.83139e-05
0.000110437
0.000140618
0.000181379
0.000236005
0.000308786
0.000405328
0.000532956
0.000701231
0.000922634
0.00121345
0.00159494
0.00209486
0.00274956
0.00360669
0.00470837
0.00614131
0.00806425
0.0105889
0.013915
0.0252017
0.0417482
0.0584313
0.0750079
0.0912844
0.107106
0.122345
0.136898
0.150673
0.163587
0.175561
0.186509
0.196357
0.204991
0.212307
0.218216
0.222679
0.225778
0.227735
0.22886
0.229454
0.229747
0.229885
0.229949
0.229978
0.22999
0.229996
0.229998
0.229999
0.23
0.23
0.23
0.23
0.23
0.23
0.23
0.23
)
;

boundaryField
{
    fuel
    {
        type            fixedValue;
        value           uniform 0;
    }
    air
    {
        type            fixedValue;
        value           uniform 0.23;
    }
    outlet
    {
        type            inletOutlet;
        inletValue      uniform 0;
        value           nonuniform List<scalar> 
200
(
4.23631e-10
1.84916e-09
4.23672e-09
8.21512e-09
1.48051e-08
2.56446e-08
4.3327e-08
7.18931e-08
1.17521e-07
1.89446e-07
3.01102e-07
4.71393e-07
7.25834e-07
1.09711e-06
1.62441e-06
2.3507e-06
3.31782e-06
4.55959e-06
6.09529e-06
7.90126e-06
9.96685e-06
1.22533e-05
1.4706e-05
1.72619e-05
1.98568e-05
2.24296e-05
2.49238e-05
2.72901e-05
2.94866e-05
3.14802e-05
3.32472e-05
3.4776e-05
3.60713e-05
3.71635e-05
3.81207e-05
3.90643e-05
4.01863e-05
4.17481e-05
4.40788e-05
4.76289e-05
5.30168e-05
6.09515e-05
7.23414e-05
8.83517e-05
0.000110483
0.000140675
0.000181448
0.000236088
0.000308884
0.000405441
0.000533081
0.000701365
0.00092277
0.00121358
0.00159504
0.00209494
0.0027496
0.00360668
0.00470828
0.00614102
0.00806353
0.0105872
0.0139119
0.025163
0.0417137
0.0583984
0.0749755
0.0912523
0.107074
0.122314
0.136868
0.150644
0.163561
0.175537
0.186487
0.196337
0.204974
0.212294
0.218206
0.222672
0.225774
0.227732
0.228859
0.229453
0.229747
0.229885
0.229949
0.229978
0.22999
0.229996
0.229998
0.229999
0.23
0.23
0.23
0.23
0.23
0.23
0.23
0.23
4.23825e-10
1.85001e-09
4.23865e-09
8.21887e-09
1.48118e-08
2.56563e-08
4.33468e-08
7.1926e-08
1.17575e-07
1.89533e-07
3.0124e-07
4.71608e-07
7.26161e-07
1.0976e-06
1.6251e-06
2.35167e-06
3.31907e-06
4.56111e-06
6.09701e-06
7.90301e-06
9.96864e-06
1.22551e-05
1.47074e-05
1.72628e-05
1.98572e-05
2.24291e-05
2.49225e-05
2.72878e-05
2.94834e-05
3.14758e-05
3.32416e-05
3.47691e-05
3.60631e-05
3.7154e-05
3.81098e-05
3.90518e-05
4.01717e-05
4.17324e-05
4.40614e-05
4.76093e-05
5.29942e-05
6.09251e-05
7.23101e-05
8.83139e-05
0.000110437
0.000140618
0.000181379
0.000236005
0.000308786
0.000405328
0.000532956
0.000701231
0.000922634
0.00121345
0.00159494
0.00209486
0.00274956
0.00360669
0.00470837
0.00614131
0.00806425
0.0105889
0.013915
0.0252017
0.0417482
0.0584313
0.0750079
0.0912844
0.107106
0.122345
0.136898
0.150673
0.163587
0.175561
0.186509
0.196357
0.204991
0.212307
0.218216
0.222679
0.225778
0.227735
0.22886
0.229454
0.229747
0.229885
0.229949
0.229978
0.22999
0.229996
0.229998
0.229999
0.23
0.23
0.23
0.23
0.23
0.23
0.23
0.23
)
;
    }
    frontAndBack
    {
        type            empty;
    }
}


// ************************************************************************* //
