/*--------------------------------*- C++ -*----------------------------------*\
  =========                 |
  \\      /  F ield         | OpenFOAM: The Open Source CFD Toolbox
   \\    /   O peration     | Website:  https://openfoam.org
    \\  /    A nd           | Version:  8
     \\/     M anipulation  |
\*---------------------------------------------------------------------------*/
FoamFile
{
    version     2.0;
    format      ascii;
    class       volScalarField;
    location    "500/fluid";
    object      Qdot;
}
// * * * * * * * * * * * * * * * * * * * * * * * * * * * * * * * * * * * * * //

dimensions      [1 -1 -3 0 0 0 0];

internalField   nonuniform List<scalar> 
4000
(
0
2.05026e-17
-2.91863e-07
0
-1.85585e-16
-3.26893e-07
0
1.24521e-10
-3.55871e-07
0
5.00877e-19
1.08351e-09
-6.06236e-10
3.87941e-07
-4.23887e-18
-3.99575e-07
-2.06942e-09
-2.30901e-15
1.36925e-08
2.10484e-07
2.96308e-06
3.95684e-05
0.000476494
0.00478358
0.0393317
0.263934
1.45659
6.70167
26.1206
87.6429
256.934
666.574
1546.85
3242.83
6200.1
10915.8
17924.9
27815.1
41347.8
59622.1
84212.3
117231
161437
220479
299025
403932
543884
730373
978479
1.30795e+06
1.74458e+06
2.32207e+06
3.08443e+06
4.08906e+06
5.4109e+06
7.14783e+06
9.4279e+06
1.24032e+07
1.62234e+07
2.13552e+07
2.80824e+07
3.69117e+07
4.20078e+08
3.1719e+07
2.27957e+07
1.6196e+07
1.1353e+07
7.83604e+06
5.31453e+06
3.535e+06
2.30397e+06
1.47528e+06
941051
613443
186614
16084.6
473.44
6.96247
0.066148
0.000643129
1.10781e-05
4.77149e-07
4.96829e-08
1.00967e-08
3.33892e-09
1.34149e-09
4.84311e-10
1.83962e-10
8.436e-11
3.66807e-11
1.53906e-11
4.89798e-12
2.44664e-12
1.21438e-12
4.93253e-13
1.91418e-13
7.55316e-14
3.12178e-14
8.4758e-15
1.46749e-15
6.99939e-22
0
0
0
-3.1352e-07
-1.30294e-11
0
-1.15315e-19
0
-1.40988e-10
0
0
-3.7312e-07
0
-4.10556e-18
-2.90457e-17
-2.00195e-09
-2.32725e-15
9.1485e-09
2.03887e-07
2.61285e-06
3.76319e-05
0.000450799
0.00454293
0.0376199
0.254782
1.42044
6.60314
25.9943
88.0366
260.302
680.519
1589.25
3346.55
6420.19
11324.4
18601.7
28834.7
42769.4
61483.9
86535.4
120022
164518
223651
302922
408667
549728
737792
988228
1.32123e+06
1.76334e+06
2.34943e+06
3.1254e+06
4.15173e+06
5.50832e+06
7.30107e+06
9.67103e+06
1.27798e+07
1.68392e+07
2.23665e+07
2.97246e+07
3.95474e+07
4.15812e+08
3.07332e+07
2.20809e+07
1.56773e+07
1.09757e+07
7.56098e+06
5.11427e+06
3.3903e+06
2.20117e+06
1.40467e+06
895914
565924
139774
9358.95
234.248
3.05749
0.0280461
0.000297733
6.1719e-06
3.22779e-07
4.07087e-08
9.21086e-09
2.85058e-09
1.15262e-09
4.71138e-10
2.0803e-10
8.15661e-11
3.6545e-11
1.60104e-11
5.70145e-12
2.84671e-12
6.93371e-12
4.64585e-13
1.90105e-13
7.17299e-14
4.63381e-12
8.80778e-15
1.64927e-15
6.99012e-22
0
2.889e-07
0
1.81893e-16
1.57628e-11
5.86559e-11
3.34269e-07
0
1.37099e-10
-6.60652e-15
3.55521e-07
-3.59245e-07
0
2.102e-09
2.34063e-09
-2.36563e-09
-2.39214e-15
-3.70184e-07
4.0797e-07
2.78383e-06
3.68629e-05
0.00043979
0.00443273
0.0368578
0.251269
1.41237
6.62544
26.3288
90.0108
268.573
708.208
1666.99
3531.33
6797.98
12021.8
19759.9
30594.9
45258.3
64800.3
90697.7
124886
170281
231071
311970
419783
563553
755237
1.01061e+06
1.35047e+06
1.80229e+06
2.4024e+06
3.19892e+06
4.25582e+06
5.6584e+06
7.521e+06
9.99783e+06
1.32581e+07
1.75544e+07
2.34771e+07
3.14724e+07
8.0593e+07
3.75139e+08
2.99069e+07
2.1416e+07
1.51428e+07
1.05511e+07
7.22951e+06
4.86102e+06
3.20189e+06
2.06583e+06
1.31247e+06
839122
489166
91424.3
4758.53
103.92
1.26502
0.0119762
0.000146346
3.69832e-06
2.32537e-07
3.26122e-08
7.76362e-09
2.51569e-09
1.12245e-09
4.22688e-10
1.72228e-10
8.00805e-11
3.4256e-11
1.46364e-11
4.69422e-12
2.26512e-12
1.07416e-12
4.30478e-13
1.62916e-13
6.85519e-14
2.66406e-14
9.5515e-15
1.65264e-15
-6.981e-22
0
-6.05556e-21
0
0
0
0
0
0
-3.18753e-15
0
0
5.53643e-10
-1.90361e-18
-1.12517e-09
-3.09655e-17
2.29181e-09
-3.74387e-07
8.51017e-09
3.94648e-07
2.55478e-06
3.6258e-05
0.000434453
0.00439551
0.0367664
0.252521
1.4313
6.77364
27.1602
93.6834
281.965
749.678
1777.99
3787.93
7313.85
12962.1
21309.8
32933.9
48516.1
68962
95775.1
131412
178833
241606
324973
435935
583778
780770
1.04311e+06
1.39218e+06
1.85629e+06
2.47289e+06
3.29173e+06
4.37896e+06
5.82283e+06
7.74148e+06
1.02937e+07
1.36485e+07
1.80669e+07
2.41342e+07
3.22608e+07
1.88289e+08
2.77113e+08
2.9618e+07
2.10257e+07
1.47399e+07
1.01828e+07
6.91709e+06
4.61065e+06
3.01112e+06
1.92804e+06
1.21981e+06
784401
388968
54839.2
2286.85
43.9772
0.503461
0.00495865
6.99566e-05
2.14962e-06
1.60363e-07
2.59081e-08
6.92206e-09
2.23917e-09
1.03549e-09
3.5751e-10
1.65904e-10
7.75641e-11
3.20875e-11
1.86412e-11
1.09527e-11
2.45315e-12
1.06394e-12
4.27415e-13
1.62174e-13
6.83801e-14
2.49544e-14
8.41615e-15
1.47858e-15
3.70682e-13
0
0
-2.94361e-07
0
-2.78204e-11
3.13286e-11
-3.22409e-07
0
3.3131e-07
-2.15533e-10
5.34276e-10
1.27852e-14
-8.81357e-10
-2.59163e-14
-2.99757e-17
5.24068e-14
-2.47492e-15
8.22009e-09
3.52178e-08
2.79405e-06
3.63648e-05
0.000437383
0.00444332
0.0373831
0.25856
1.47691
7.04642
28.4879
99.0718
300.573
805.237
1922.91
4118.67
7972.39
14129
23186.5
35655.7
52200.7
73895.7
102528
140035
189409
254662
341224
456325
609547
813536
1.08499e+06
1.44595e+06
1.9256e+06
2.56257e+06
3.40811e+06
4.53036e+06
6.02016e+06
7.99898e+06
1.06299e+07
1.40747e+07
1.86098e+07
2.48402e+07
3.31962e+07
2.90142e+08
1.76118e+08
2.93422e+07
2.06365e+07
1.43302e+07
9.80589e+06
6.59828e+06
4.3574e+06
2.82066e+06
1.79268e+06
1.1305e+06
731270
278870
31315.7
1088.28
18.7937
0.207149
0.00217087
3.57076e-05
1.32132e-06
1.17593e-07
2.08031e-08
5.91677e-09
2.18402e-09
8.53827e-10
3.49916e-10
1.57772e-10
6.23503e-11
2.81127e-11
1.34197e-11
5.43495e-12
3.04206e-12
9.50565e-13
3.73338e-13
5.66843e-12
6.20454e-14
2.32909e-14
8.10413e-15
1.48518e-15
0
-2.01361e-17
-2.83343e-07
0
2.52465e-20
-3.05954e-07
-7.32845e-16
0
-3.20878e-07
2.32743e-10
-2.58826e-10
0
5.24012e-10
-1.0533e-09
-7.22276e-18
-3.63362e-17
-2.14689e-09
-2.5352e-15
3.61073e-07
4.00263e-07
2.83474e-06
3.72405e-05
0.000446523
0.00456283
0.0386265
0.26903
1.54815
7.44288
30.322
106.25
324.72
875.925
2104.54
4526.78
8763.85
15466.8
25256.9
38660.8
56500.9
79905.7
110250
149766
201577
269910
360458
480764
640810
853752
1.13696e+06
1.51337e+06
2.01332e+06
2.67692e+06
3.55735e+06
4.72514e+06
6.27405e+06
8.32912e+06
1.10497e+07
1.45936e+07
1.92694e+07
2.56852e+07
3.42473e+07
3.8547e+08
7.66737e+07
2.86392e+07
1.99182e+07
1.36973e+07
9.29036e+06
6.20013e+06
4.06285e+06
2.61146e+06
1.65066e+06
1.03975e+06
669643
203092
17467.2
523.992
8.27226
0.0892468
0.00100515
1.92205e-05
8.51846e-07
8.59487e-08
1.5932e-08
4.9884e-09
1.94177e-09
8.87177e-10
3.50465e-10
1.47872e-10
6.14605e-11
2.77372e-11
1.14807e-11
4.95933e-12
2.08204e-12
8.4105e-13
-5.14135e-12
1.55294e-13
5.58192e-14
2.49643e-14
7.38891e-15
1.31229e-15
-2.6368e-07
2.00529e-17
0
-5.81765e-12
0
-1.21471e-11
-3.03617e-11
1.04991e-19
0
-3.17447e-07
0
3.20987e-07
0
-1.74574e-18
-7.0092e-18
-3.52137e-17
4.91045e-14
-2.62974e-15
1.11187e-08
2.25859e-07
2.93738e-06
3.8271e-05
0.000462566
0.00474972
0.0404617
0.283741
1.64447
7.96317
32.6758
115.307
354.824
962.825
2322.54
4999.53
9650.73
16961.2
27697.9
42439.8
61759.8
86701.7
118838
160522
215046
286884
382025
508403
676498
900146
1.19763e+06
1.59312e+06
2.11863e+06
2.81651e+06
3.74285e+06
4.97183e+06
6.60153e+06
8.76134e+06
1.16295e+07
1.5344e+07
2.02354e+07
2.68615e+07
3.55476e+07
4.5432e+08
3.69232e+07
2.61034e+07
1.823e+07
1.25576e+07
8.51704e+06
5.67694e+06
3.71262e+06
2.38146e+06
1.50424e+06
951475
595325
144963
9839.05
261.64
3.84067
0.0412114
0.000503284
1.11363e-05
5.76269e-07
6.67098e-08
1.49273e-08
4.49586e-09
1.59823e-09
6.87389e-10
2.85298e-10
1.33235e-10
5.61106e-11
2.40669e-11
1.09848e-11
4.4977e-12
2.06393e-12
8.35275e-13
3.30476e-13
1.35525e-13
5.5748e-14
2.19683e-14
7.40834e-15
5.04552e-12
1.65587e-13
0
2.79571e-07
2.8647e-07
0
2.6711e-11
0
1.03148e-19
-2.08182e-19
-4.19179e-19
0
0
4.96529e-10
1.69661e-18
8.1119e-10
-3.75296e-17
1.6358e-09
7.3433e-09
1.4815e-08
6.1575e-08
2.891e-06
4.02005e-05
0.000484354
0.0050016
0.0428776
0.302699
1.76641
8.61273
35.5848
126.368
390.813
1063.74
2570.1
5537.76
10709.8
18858.6
30706.9
46699.1
67452
93998.5
127990
171927
229289
304811
404795
537590
714224
949297
1.26216e+06
1.67853e+06
2.23261e+06
2.96999e+06
3.95152e+06
5.25861e+06
7.00045e+06
9.32396e+06
1.24126e+07
1.6423e+07
2.19328e+07
2.93e+07
3.91203e+07
4.48104e+08
3.318e+07
2.35841e+07
1.65372e+07
1.14231e+07
7.76045e+06
5.17675e+06
3.38647e+06
2.17326e+06
1.37587e+06
877384
518384
102384
5742.11
138.002
1.90968
0.0206055
0.000273479
6.93943e-06
4.13325e-07
5.34762e-08
1.25257e-08
4.0329e-09
1.57415e-09
6.53159e-10
2.56161e-10
1.17575e-10
5.3272e-11
2.55648e-11
9.14738e-12
4.45412e-12
1.84461e-12
7.29379e-13
3.42462e-13
1.22795e-13
5.56522e-14
2.04801e-14
-7.49426e-13
1.14486e-15
0
0
0
5.71225e-12
1.16393e-11
-1.4528e-11
-2.97366e-07
0
-3.02489e-07
0
5.7301e-15
0
-1.14788e-14
-3.05205e-07
-6.59463e-18
-3.63311e-17
1.94338e-09
-2.83253e-15
1.42806e-08
8.80889e-08
3.05599e-06
4.19338e-05
0.000511799
0.00531688
0.0458703
0.325958
1.91491
9.39646
39.0303
139.14
431.674
1179.64
2871.32
6236.32
12046.4
21049.5
34026.2
51319.8
73514.6
101646
137462
183605
243740
322831
427454
566304
750868
996367
1.32301e+06
1.75771e+06
2.33634e+06
3.10688e+06
4.13358e+06
5.5028e+06
7.33094e+06
9.7756e+06
1.30365e+07
1.73275e+07
2.3293e+07
3.13852e+07
5.04822e+07
4.27081e+08
3.08307e+07
2.19105e+07
1.53632e+07
1.06114e+07
7.20752e+06
4.80648e+06
3.14367e+06
2.01856e+06
1.28178e+06
825428
446076
73127
3517.48
77.5869
1.02379
0.0111935
0.000161285
4.63445e-06
3.12479e-07
4.43934e-08
1.09999e-08
3.57614e-09
1.34494e-09
6.42504e-10
2.63543e-10
1.21311e-10
5.33537e-11
1.72758e-11
1.46286e-11
4.0102e-12
-3.72785e-12
7.96096e-13
1.10956e-12
1.29072e-13
4.95127e-14
5.23017e-12
6.70459e-15
1.06012e-15
-2.62546e-07
0
0
0
-1.15059e-11
0
2.92684e-07
-5.83486e-11
1.39336e-15
2.13303e-10
2.97438e-07
3.82841e-10
0
-2.96236e-07
-6.38926e-18
2.97347e-07
-1.52673e-09
-2.9555e-15
-2.82422e-07
3.9684e-07
3.40605e-06
4.45096e-05
0.000545193
0.00569524
0.0494452
0.353588
2.08882
10.2949
42.9229
153.761
481.5
1331.55
3259.63
7070.33
13571.3
23496.9
37654.2
56260.2
79866.1
109520
147077
195304
258037
340410
449199
593334
784591
1.03855e+06
1.37589e+06
1.82408e+06
2.4197e+06
3.21151e+06
4.26467e+06
5.66636e+06
7.53349e+06
1.00232e+07
1.33203e+07
1.76306e+07
2.35766e+07
3.1535e+07
1.31072e+08
3.5883e+08
2.95975e+07
2.09828e+07
1.46822e+07
1.01227e+07
6.86477e+06
4.57191e+06
2.98772e+06
1.91886e+06
1.22199e+06
794052
388398
53524.9
2270.58
46.5037
0.591209
0.00658435
0.000102612
3.30244e-06
2.4934e-07
3.7784e-08
9.69129e-09
3.13231e-09
1.32714e-09
5.82664e-10
2.53557e-10
1.14134e-10
4.78923e-11
2.16024e-11
7.80573e-12
3.57583e-12
1.81247e-12
6.02792e-12
2.78793e-13
1.09788e-13
4.80528e-14
2.04574e-14
5.98522e-15
1.064e-15
0
-2.83105e-21
-2.7397e-07
0
0
4.81978e-20
0
-2.89583e-07
1.14911e-10
2.73209e-15
0
2.89876e-07
0
-3.10216e-18
-6.18409e-18
-1.80956e-09
2.87577e-07
8.30591e-14
1.68522e-08
1.24073e-07
3.46483e-06
4.73976e-05
0.000583639
0.00613548
0.0535721
0.384971
2.2835
11.3094
47.6117
172.772
545.453
1514.1
3714.49
8039.6
15299.5
26194
41560
61467
86421.7
117521
156727
206921
272073
357440
469931
618611
815413
1.07608e+06
1.42146e+06
1.87918e+06
2.48589e+06
3.29034e+06
4.35738e+06
5.77343e+06
7.65383e+06
1.01528e+07
1.34476e+07
1.7738e+07
2.36312e+07
3.14928e+07
1.99208e+08
2.93101e+08
2.89005e+07
2.04447e+07
1.42792e+07
9.82915e+06
6.65676e+06
4.42875e+06
2.89263e+06
1.85877e+06
1.18727e+06
777216
337242
40506
1550.69
29.7639
0.366669
0.00417156
6.99173e-05
2.48083e-06
2.05128e-07
3.4248e-08
9.14759e-09
3.25683e-09
1.20802e-09
5.72338e-10
2.44098e-10
1.12338e-10
4.4901e-11
2.05497e-11
9.27538e-12
3.5389e-12
-3.8313e-12
6.86754e-13
1.04264e-12
1.21288e-13
4.46396e-14
1.749e-14
5.6282e-15
9.77803e-16
-2.02352e-13
-2.99821e-12
0
-5.55615e-12
-1.64099e-16
0
0
0
-1.33679e-15
2.03795e-10
0
-2.82047e-07
3.60615e-10
-3.00549e-18
8.7647e-10
1.74592e-09
-3.32796e-16
-3.26928e-15
2.94891e-07
2.83376e-07
3.72645e-06
5.06131e-05
0.000627458
0.00662977
0.058131
0.419552
2.51206
12.6024
53.5133
195.204
619.611
1727.6
4246.38
9157.78
17229.1
29105.4
45674.2
66837
93068.4
125545
166329
218409
285857
374017
489882
642595
844162
1.11039e+06
1.46215e+06
1.92703e+06
2.54158e+06
3.35421e+06
4.42922e+06
5.85205e+06
7.73643e+06
1.02336e+07
1.35132e+07
1.77788e+07
2.36292e+07
3.14102e+07
2.57803e+08
2.36572e+08
2.83016e+07
2.00192e+07
1.3979e+07
9.62036e+06
6.51424e+06
4.3338e+06
2.83136e+06
1.82134e+06
1.16711e+06
768626
284495
31683.3
1113.45
20.2205
0.243153
0.00282674
5.0641e-05
1.96149e-06
1.74767e-07
3.07488e-08
8.24386e-09
3.01314e-09
1.18945e-09
5.14621e-10
2.39789e-10
1.0448e-10
4.55796e-11
2.32005e-11
8.39329e-12
3.49992e-12
1.48958e-12
6.33132e-13
2.3819e-13
1.08772e-13
4.31687e-14
1.74629e-14
5.63063e-15
9.80227e-16
-1.644e-13
2.66232e-07
0
-1.15371e-20
1.62191e-16
0
2.75659e-11
5.51769e-11
0
-8.92977e-11
-1.77578e-10
2.74136e-07
1.46637e-18
-2.90872e-18
-8.46335e-10
-4.58994e-17
3.94517e-14
-3.43299e-15
2.42659e-08
4.30108e-07
3.86614e-06
5.41965e-05
0.000674979
0.00716625
0.0632965
0.462303
2.79113
14.0796
60.1579
220.826
705.172
1975.66
4863.68
10430.6
19328.7
32141.6
49859
72194
99620.8
133418
175733
229659
299334
390170
509209
665642
871507
1.14262e+06
1.49981e+06
1.97058e+06
2.59124e+06
3.40985e+06
4.49005e+06
5.9163e+06
7.80024e+06
1.02905e+07
1.35536e+07
1.77934e+07
2.35925e+07
3.12862e+07
3.0664e+08
1.89947e+08
2.77171e+07
1.96255e+07
1.37165e+07
9.44717e+06
6.40172e+06
4.26233e+06
2.78764e+06
1.79636e+06
1.15496e+06
762326
259327
25488.7
835.727
14.4972
0.171233
0.002036
3.8711e-05
1.61446e-06
1.54787e-07
2.87052e-08
8.06311e-09
2.86753e-09
1.25109e-09
5.50399e-10
2.12013e-10
9.67734e-11
4.35148e-11
2.35998e-11
8.28247e-12
2.69496e-12
1.47432e-12
6.06337e-13
-5.28121e-13
1.08172e-13
4.30038e-14
1.59698e-14
5.26882e-15
-7.36263e-13
-1.64171e-13
0
-3.31953e-12
0
0
-2.73703e-07
0
0
0
-2.54515e-15
0
2.66723e-07
0
0
-2.58603e-07
-4.9675e-17
-1.60765e-09
-2.52835e-07
2.31826e-08
3.07045e-07
4.27822e-06
5.77484e-05
0.000724853
0.00775292
0.0691766
0.508553
3.09114
15.6997
67.549
249.703
802.7
2260.45
5569.88
11844.5
21510.6
35122.1
53878.6
77247.1
105773
140830
184647
240391
312249
405676
527746
687672
897495
1.17301e+06
1.53497e+06
2.0107e+06
2.63625e+06
3.45922e+06
4.54237e+06
5.9683e+06
7.84751e+06
1.03295e+07
1.35733e+07
1.77799e+07
2.35229e+07
3.11266e+07
3.46324e+08
1.52378e+08
2.71365e+07
1.92461e+07
1.34721e+07
9.29279e+06
6.30668e+06
4.20581e+06
2.75574e+06
1.78007e+06
1.14865e+06
758051
238873
21186.3
656.093
10.9549
0.127668
0.00155088
3.10661e-05
1.38081e-06
1.39203e-07
2.66692e-08
7.52676e-09
2.70436e-09
1.13371e-09
4.93742e-10
2.07113e-10
1.05748e-10
4.5704e-11
1.89142e-11
8.16729e-12
3.22941e-12
1.4583e-12
6.00734e-13
1.03938e-12
1.01662e-13
3.99032e-14
1.59299e-14
5.26548e-15
8.94059e-16
-4.78733e-18
-2.64006e-07
0
-1.5772e-16
2.69424e-07
0
0
0
0
-1.89554e-10
-2.06808e-10
0
0
0
-6.39409e-10
-1.55419e-09
1.54002e-09
3.05939e-09
2.20958e-08
3.3048e-07
4.45417e-06
6.17192e-05
0.000778239
0.00839823
0.0753585
0.55742
3.41063
17.4441
75.6071
281.594
911.677
2580.79
6357.44
13347.3
23590
37729.2
57320.9
81547.4
111057
147296
192571
250086
324062
419973
544909
708086
921525
1.20096e+06
1.56701e+06
2.04682e+06
2.67596e+06
3.50115e+06
4.58407e+06
6.00714e+06
7.88053e+06
1.0347e+07
1.35596e+07
1.77207e+07
2.33924e+07
3.08907e+07
3.77474e+08
1.22467e+08
2.65587e+07
1.88758e+07
1.32401e+07
9.15156e+06
6.22383e+06
4.15968e+06
2.73215e+06
1.76998e+06
1.14661e+06
756189
222962
18206.9
538.068
8.70543
0.100429
0.00124382
2.60446e-05
1.22345e-06
1.30431e-07
2.46513e-08
7.33128e-09
2.80648e-09
1.19325e-09
5.06968e-10
2.25857e-10
9.95566e-11
4.20221e-11
1.71575e-11
8.048e-12
3.37151e-12
1.44163e-12
5.94818e-13
2.56079e-13
1.01006e-13
3.97141e-14
1.58818e-14
5.61807e-15
8.94796e-16
-4.77982e-18
0
-7.77885e-17
1.56212e-16
0
2.65772e-07
0
0
2.60446e-07
0
2.01078e-10
0
0
-2.61747e-18
-1.03084e-17
3.53514e-14
-3.53771e-14
2.37295e-09
2.1006e-08
2.2862e-07
4.74066e-06
6.5754e-05
0.000833433
0.00903633
0.0815338
0.606805
3.73755
19.2531
84.0824
315.619
1029.42
2928.66
7197.06
14817.3
25230.9
39470.6
59596
84453.2
114786
152093
198727
257902
333852
432055
559601
725688
942294
1.22506e+06
1.59438e+06
2.07691e+06
2.70755e+06
3.53262e+06
4.61399e+06
6.03191e+06
7.89124e+06
1.03319e+07
1.35001e+07
1.75903e+07
2.31431e+07
3.0448e+07
4.08694e+08
9.5848e+07
2.5983e+07
1.85127e+07
1.30175e+07
9.02005e+06
6.15e+06
4.1213e+06
2.71478e+06
1.76459e+06
1.14779e+06
755151
211226
16167.8
460.093
7.2551
0.0830499
0.00104565
2.27088e-05
1.11251e-06
1.22907e-07
2.39446e-08
7.12591e-09
2.56565e-09
1.16317e-09
4.71251e-10
2.1486e-10
9.12745e-11
4.12406e-11
1.68664e-11
1.28739e-11
3.14384e-12
1.33293e-12
5.63557e-12
2.30836e-13
-6.44628e-13
-5.02513e-12
-5.03815e-12
4.89339e-15
8.50686e-16
-2.00913e-13
-2.7606e-21
-2.6289e-07
1.18089e-11
0
0
-2.60024e-07
1.21055e-15
1.19615e-15
-2.35874e-15
-6.66265e-19
0
8.9477e-15
2.34718e-07
-7.25227e-10
1.15999e-09
-4.16715e-16
5.03002e-09
-1.96846e-07
3.67912e-07
4.91294e-06
6.93574e-05
0.000883454
0.00962696
0.0873363
0.653844
4.05324
21.0252
92.5119
349.983
1149.84
3284.57
8022.04
16019.2
25884.9
39614.8
59914.2
85125.1
116046
154222
201998
262586
340208
440336
570044
738489
957552
1.24267e+06
1.61397e+06
2.09795e+06
2.72989e+06
3.55535e+06
4.63342e+06
6.04267e+06
7.88644e+06
1.03012e+07
1.34272e+07
1.74563e+07
2.29156e+07
3.00856e+07
4.28128e+08
7.77442e+07
2.54113e+07
1.81558e+07
1.2802e+07
8.89563e+06
6.08262e+06
4.08838e+06
2.70174e+06
1.76234e+06
1.15092e+06
755997
203170
14813.9
409.234
6.32296
0.0719475
0.000917822
2.05121e-05
1.04042e-06
1.16598e-07
2.38259e-08
7.05429e-09
2.65386e-09
1.13222e-09
4.80529e-10
2.2172e-10
9.54687e-11
4.12641e-11
1.7969e-11
7.79812e-12
3.099e-12
1.31625e-12
5.82301e-13
2.28735e-13
9.70024e-14
3.9289e-14
1.43366e-14
4.88405e-15
8.50652e-16
0
-2.7489e-21
7.67068e-17
-5.24613e-12
0
-1.27526e-11
0
2.52237e-07
-1.67688e-19
-2.44397e-07
-2.3955e-07
0
0
-2.24348e-07
-2.20164e-07
-1.36129e-09
-2.12132e-07
4.76997e-09
2.09303e-08
3.76459e-07
4.94708e-06
7.22735e-05
0.000925671
0.0101298
0.0923333
0.694844
4.33196
22.6119
100.174
381.687
1262.01
3611.69
8707.09
16546.4
24755.6
37247.2
57338.3
82546
113715
152392
200890
262391
341080
442394
573362
743084
963343
1.24953e+06
1.62196e+06
2.10686e+06
2.73807e+06
3.56031e+06
4.63208e+06
6.03016e+06
7.85543e+06
1.02408e+07
1.33209e+07
1.72837e+07
2.26403e+07
2.96585e+07
4.42925e+08
6.48724e+07
2.48419e+07
1.78019e+07
1.25898e+07
8.77432e+06
6.01792e+06
4.0576e+06
2.69026e+06
1.76101e+06
1.15423e+06
758265
198256
13974.2
377.527
5.74345
0.0650558
0.00083792
1.91154e-05
9.9156e-07
1.138e-07
2.42315e-08
7.30619e-09
2.73108e-09
1.18143e-09
4.77208e-10
2.21089e-10
9.0285e-11
3.96147e-11
1.76375e-11
7.66866e-12
3.22948e-12
1.3882e-12
4.78894e-12
2.49174e-13
9.88026e-14
4.19032e-14
1.4278e-14
5.22908e-15
8.50328e-16
1.63003e-13
0
0
0
0
2.98284e-16
2.50648e-07
0
2.42471e-07
-2.234e-15
2.32292e-07
0
6.3444e-10
-2.32498e-18
5.40576e-10
-5.75009e-17
1.26822e-09
4.50971e-09
3.10171e-08
2.84395e-07
5.23857e-06
7.44975e-05
0.000956299
0.0104994
0.0960393
0.725547
4.54295
23.8273
106.117
406.528
1349.6
3851.57
9046.14
15788.2
24058.7
31505.2
50921.4
75664.2
106535
145054
193491
254970
333625
434846
565618
735000
954767
1.24018e+06
1.61093e+06
2.0928e+06
2.7194e+06
3.53457e+06
4.59566e+06
5.97768e+06
7.77899e+06
1.01287e+07
1.31563e+07
1.70443e+07
2.22865e+07
2.91368e+07
4.52892e+08
5.68182e+07
2.42703e+07
1.74441e+07
1.23725e+07
8.64749e+06
5.94786e+06
4.02199e+06
2.6746e+06
1.7561e+06
1.15431e+06
758906
195765
13524.8
359.849
5.41575
0.0611419
0.000792379
1.83237e-05
9.64019e-07
1.11868e-07
2.3373e-08
7.22408e-09
2.64505e-09
1.14622e-09
4.86226e-10
2.15537e-10
9.05323e-11
4.14366e-11
1.8653e-11
7.19245e-12
3.17979e-12
1.36946e-12
1.26263e-12
2.35525e-13
8.26195e-13
4.16453e-14
1.42162e-14
5.21577e-15
8.9413e-16
4.75326e-18
-2.72553e-21
1.08561e-20
-1.50186e-16
0
1.2359e-11
0
0
1.1116e-15
2.17126e-15
1.78103e-10
5.90767e-19
-2.12524e-07
0
5.15793e-10
-5.46395e-17
-4.33869e-16
-4.3551e-15
3.09628e-08
3.86824e-07
5.34804e-06
7.57167e-05
0.000971985
0.0106883
0.0979489
0.741505
4.65362
24.4707
109.284
419.68
1392.99
3929.28
8829.96
16452
25062.6
32842.8
40097.7
63789.5
93532.3
130852
177966
237918
314759
413782
541855
707884
923413
1.20342e+06
1.56737e+06
2.04059e+06
2.65608e+06
3.45686e+06
4.49909e+06
5.85616e+06
7.6241e+06
9.92866e+06
1.28948e+07
1.66997e+07
2.18204e+07
2.84967e+07
4.58137e+08
5.32063e+07
2.36823e+07
1.70607e+07
1.21258e+07
8.4915e+06
5.85138e+06
3.96392e+06
2.64072e+06
1.73688e+06
1.14324e+06
752652
194417
13356.8
352.653
5.27743
0.0594715
0.000772916
1.79829e-05
9.5179e-07
1.11773e-07
2.30484e-08
7.09569e-09
2.70465e-09
1.15276e-09
4.72356e-10
2.19868e-10
9.11627e-11
4.05273e-11
1.82838e-11
7.58785e-12
3.30081e-12
1.35034e-12
5.6218e-13
2.33139e-13
8.19798e-13
4.13788e-14
1.48575e-14
-7.26808e-13
8.49131e-16
0
-1.89865e-17
0
6.32097e-12
0
2.49837e-07
-2.45979e-07
0
0
2.30945e-07
2.25171e-07
0
0
0
-5.15786e-10
-5.46386e-17
-2.1764e-09
4.24905e-09
2.90973e-08
3.88642e-07
5.34791e-06
7.56376e-05
0.000972005
0.0106887
0.0979515
0.741523
4.65371
24.4712
109.286
419.686
1393
3929.29
8830.03
16452.1
25062.7
32842.8
40095.2
63786.9
93529.6
130850
177963
237915
314757
413779
541853
707882
923413
1.20343e+06
1.56738e+06
2.0406e+06
2.65609e+06
3.45687e+06
4.49911e+06
5.85619e+06
7.62414e+06
9.92872e+06
1.28948e+07
1.66998e+07
2.18205e+07
2.84969e+07
4.58148e+08
5.31951e+07
2.36823e+07
1.70608e+07
1.21258e+07
8.49152e+06
5.85139e+06
3.96392e+06
2.64073e+06
1.73688e+06
1.14324e+06
752652
194413
13356.3
352.637
5.27718
0.0594688
0.000772879
1.79828e-05
9.5338e-07
1.11168e-07
2.3602e-08
7.09573e-09
2.70472e-09
1.15279e-09
4.61002e-10
2.25374e-10
9.34549e-11
4.16976e-11
1.69543e-11
7.06352e-12
3.1292e-12
1.35038e-12
5.62181e-13
2.33132e-13
9.41165e-14
4.13798e-14
-4.95211e-12
4.84801e-15
-7.31791e-13
0
0
0
0
0
-2.53828e-07
-2.01758e-11
0
0
3.20687e-19
0
-6.12006e-19
2.8462e-10
-2.32492e-18
1.57743e-14
-1.0551e-09
-4.3687e-16
2.00854e-07
3.30036e-08
3.86056e-07
5.23832e-06
7.44936e-05
0.000956471
0.0105002
0.0960462
0.725596
4.54323
23.8286
106.122
406.546
1349.64
3851.65
9046.04
15788.4
24058.8
31505.3
50917.7
75660.1
106531
145050
193487
254965
333621
434843
565616
735002
954773
1.24019e+06
1.61095e+06
2.09283e+06
2.71943e+06
3.53463e+06
4.59573e+06
5.97778e+06
7.77912e+06
1.01289e+07
1.31565e+07
1.70446e+07
2.22869e+07
2.91373e+07
4.52923e+08
5.67847e+07
2.42704e+07
1.74442e+07
1.23725e+07
8.64752e+06
5.94788e+06
4.022e+06
2.6746e+06
1.7561e+06
1.15431e+06
758903
195752
13523.2
359.801
5.41497
0.0611334
0.000792288
1.83215e-05
9.62784e-07
1.1187e-07
2.27965e-08
7.06041e-09
2.72909e-09
1.14623e-09
4.79495e-10
2.25774e-10
9.0533e-11
3.8775e-11
1.72993e-11
7.34688e-12
3.1017e-12
1.36944e-12
5.69025e-13
2.46726e-13
9.23745e-14
7.72995e-13
1.48526e-14
4.86097e-15
8.49802e-16
4.76687e-18
2.60677e-07
-2.61048e-07
0
-2.18997e-20
0
-2.52595e-11
-4.99002e-11
0
9.66458e-11
1.54263e-10
0
2.29442e-07
0
1.64992e-14
-5.57148e-17
-3.21691e-14
4.76985e-09
2.35235e-08
3.76443e-07
4.95098e-06
7.2297e-05
0.000925915
0.0101323
0.0923554
0.695001
4.33288
22.6163
100.192
381.749
1262.19
3612.16
8707.89
16546.7
24755
37247.4
57338.9
82547.3
113717
152395
200895
262397
341088
442404
573374
743098
963362
1.24956e+06
1.62201e+06
2.10692e+06
2.73814e+06
3.56041e+06
4.63222e+06
6.03034e+06
7.85567e+06
1.02411e+07
1.33213e+07
1.72842e+07
2.2641e+07
2.96593e+07
4.42978e+08
6.48157e+07
2.4842e+07
1.7802e+07
1.25898e+07
8.77435e+06
6.01794e+06
4.05761e+06
2.69026e+06
1.76101e+06
1.15423e+06
758258
198235
13971.5
377.441
5.74203
0.0650399
0.000837742
1.91147e-05
9.90526e-07
1.13149e-07
2.36313e-08
6.99918e-09
2.73116e-09
1.10053e-09
4.68009e-10
2.2109e-10
9.56229e-11
3.9615e-11
1.76376e-11
7.6687e-12
3.22956e-12
1.299e-12
5.75757e-13
2.49183e-13
9.62538e-14
3.90569e-14
1.5703e-14
4.87313e-15
4.99357e-12
1.63465e-13
2.61786e-07
2.62889e-07
-2.63246e-07
1.5446e-16
-3.07674e-16
0
0
0
9.92721e-11
0
6.54454e-19
2.38199e-07
-2.52002e-18
-5.90052e-10
-2.26312e-07
1.14257e-09
5.02984e-09
2.21463e-08
3.65176e-07
5.02364e-06
6.93682e-05
0.000883724
0.00962993
0.0873624
0.654028
4.05429
21.0302
92.5322
350.053
1150.05
3285.09
8023.04
16020.2
25885.5
39616.5
59916.6
85128.2
116051
154228
202006
262596
340222
440354
570068
738519
957589
1.24271e+06
1.61403e+06
2.09803e+06
2.73e+06
3.55549e+06
4.63361e+06
6.04292e+06
7.88676e+06
1.03016e+07
1.34277e+07
1.7457e+07
2.29165e+07
3.00867e+07
4.28204e+08
7.76637e+07
2.54114e+07
1.81558e+07
1.2802e+07
8.89564e+06
6.08262e+06
4.08837e+06
2.70174e+06
1.76233e+06
1.15092e+06
755986
203140
14809.9
409.102
6.32075
0.0719226
0.000917535
2.05067e-05
1.03801e-06
1.16602e-07
2.38224e-08
6.91278e-09
2.65389e-09
1.09528e-09
4.80533e-10
2.15815e-10
9.47835e-11
4.11355e-11
1.79691e-11
7.79839e-12
3.27821e-12
1.31622e-12
6.27752e-13
2.51556e-13
9.38463e-14
3.9289e-14
1.43371e-14
5.2408e-15
8.95056e-16
3.64898e-13
2.62895e-07
2.64736e-07
-2.6581e-07
-1.56408e-16
-2.3842e-11
0
0
0
0
2.54045e-07
3.22351e-10
-3.17268e-10
-2.61741e-18
-1.03082e-17
-5.59004e-17
1.19779e-09
-2.37294e-09
2.10053e-08
4.63525e-07
4.51432e-06
6.56789e-05
0.000833888
0.00903989
0.0815614
0.606993
3.73863
19.2583
84.1034
315.692
1029.64
2929.2
7198.14
14818.7
25232.4
39473.4
59599.6
84457.6
114792
152100
198736
257914
333868
432076
559629
725725
942343
1.22513e+06
1.59446e+06
2.07701e+06
2.70768e+06
3.5328e+06
4.61422e+06
6.03221e+06
7.89163e+06
1.03324e+07
1.35007e+07
1.75911e+07
2.31442e+07
3.04494e+07
4.08795e+08
9.57421e+07
2.5983e+07
1.85127e+07
1.30175e+07
9.02001e+06
6.14996e+06
4.12127e+06
2.71476e+06
1.76457e+06
1.14778e+06
755126
211186
16162.1
459.9
7.25178
0.0830119
0.00104522
2.27045e-05
1.10888e-06
1.21644e-07
2.42979e-08
7.126e-09
2.73138e-09
1.16318e-09
4.92791e-10
2.2159e-10
9.1277e-11
4.12409e-11
1.68665e-11
7.9247e-12
3.14391e-12
2.16275e-12
5.88674e-13
2.30837e-13
8.51005e-13
3.95089e-14
1.43908e-14
4.89351e-15
8.50657e-16
1.63937e-13
0
0
0
0
1.08561e-11
0
0
-1.91223e-10
0
0
7.41052e-10
1.3755e-18
2.51396e-07
-8.04124e-18
-4.77072e-17
2.44461e-07
-3.78773e-15
2.51407e-08
3.27997e-07
4.44793e-06
6.17494e-05
0.000778345
0.00840064
0.075382
0.557593
3.41165
17.4492
75.6279
281.666
911.892
2581.33
6358.56
13348.9
23592
37732.7
57325.3
81552.7
111064
147305
192581
250100
324080
419997
544941
708128
921580
1.20103e+06
1.56711e+06
2.04694e+06
2.67612e+06
3.50134e+06
4.58433e+06
6.00749e+06
7.88098e+06
1.03476e+07
1.35603e+07
1.77216e+07
2.33936e+07
3.08923e+07
3.77599e+08
1.22334e+08
2.65584e+07
1.88757e+07
1.324e+07
9.15144e+06
6.22373e+06
4.1596e+06
2.73209e+06
1.76995e+06
1.14659e+06
756165
222910
18199
537.784
8.70041
0.100371
0.00124317
2.60366e-05
1.22087e-06
1.28542e-07
2.46518e-08
7.18153e-09
2.80651e-09
1.1067e-09
4.82694e-10
2.1969e-10
9.62956e-11
4.69517e-11
1.86086e-11
7.30919e-12
3.55572e-12
1.44166e-12
5.94804e-13
-4.85202e-12
1.06814e-13
3.68167e-14
1.58818e-14
5.25945e-15
8.94796e-16
1.64171e-13
0
0
6.70153e-12
-1.60261e-16
0
0
0
0
0
7.24886e-19
2.65954e-07
-2.6318e-07
-2.61882e-07
2.57781e-07
1.6182e-09
-3.67369e-16
-3.61466e-15
2.31819e-08
1.80919e-07
4.02582e-06
5.79363e-05
0.000725158
0.00775822
0.0692054
0.508667
3.09174
15.7031
67.565
249.764
802.892
2260.95
5570.96
11846.3
21513
35126
53883.5
77253.1
105780
140840
184658
240406
312269
405703
527780
687718
897555
1.17309e+06
1.53507e+06
2.01084e+06
2.63643e+06
3.45945e+06
4.54267e+06
5.96869e+06
7.84801e+06
1.03301e+07
1.35741e+07
1.77809e+07
2.35243e+07
3.11284e+07
3.4648e+08
1.52211e+08
2.7136e+07
1.92458e+07
1.34718e+07
9.29261e+06
6.30654e+06
4.20571e+06
2.75567e+06
1.78001e+06
1.14862e+06
758018
238810
21175.2
655.673
10.9472
0.127577
0.00154987
3.10512e-05
1.38087e-06
1.39208e-07
2.59914e-08
7.87022e-09
2.87876e-09
1.13375e-09
4.48734e-10
2.19255e-10
1.00789e-10
3.77644e-11
1.89148e-11
8.16758e-12
3.41613e-12
1.45834e-12
4.95128e-12
1.01593e-12
1.04891e-13
3.99032e-14
-5.08037e-12
5.26548e-15
-4.27288e-12
-2.61422e-07
-2.98569e-12
-6.06182e-12
-1.15371e-20
2.32825e-20
-2.49125e-11
0
0
0
0
0
0
-3.49794e-10
-2.69362e-07
-8.65972e-18
-4.0161e-17
-3.48504e-16
-2.70109e-07
2.8839e-07
2.9779e-07
3.866e-06
5.42432e-05
0.000675414
0.00716934
0.0632729
0.461527
2.78998
14.0805
60.1721
220.89
705.376
1976.19
4864.81
10432.5
19331.5
32145.9
49864.5
72200.7
99628.9
133428
175746
229675
299355
390198
509246
665691
871570
1.1427e+06
1.49992e+06
1.97072e+06
2.59142e+06
3.41007e+06
4.49033e+06
5.91666e+06
7.80069e+06
1.02911e+07
1.35543e+07
1.77944e+07
2.35939e+07
3.1288e+07
3.06833e+08
1.89731e+08
2.77157e+07
1.96246e+07
1.37158e+07
9.44669e+06
6.40138e+06
4.26209e+06
2.78748e+06
1.79626e+06
1.1549e+06
762289
259248
25473
835.09
14.4849
0.171086
0.00203438
3.86877e-05
1.61454e-06
1.54792e-07
2.8706e-08
7.86915e-09
2.94776e-09
1.25039e-09
5.05142e-10
2.12014e-10
9.67781e-11
4.78706e-11
1.77121e-11
8.28251e-12
3.08055e-12
1.47433e-12
6.53747e-13
1.02486e-12
1.02276e-13
4.00725e-14
1.59693e-14
5.26882e-15
8.92859e-16
3.66992e-13
2.67351e-07
-5.73902e-21
5.55597e-12
0
-1.39336e-11
-2.28046e-11
-1.01984e-10
-1.33697e-15
0
5.32147e-15
-7.60192e-19
0
7.16922e-10
2.08155e-14
-1.42051e-09
-2.75164e-07
-3.26324e-15
1.90084e-08
1.44901e-07
3.5943e-06
5.06625e-05
0.000627973
0.00663707
0.0582299
0.420748
2.51583
12.6141
53.5489
195.305
619.876
1728.22
4247.65
9159.92
17232.3
29110.1
45680.3
66844.5
93077.6
125557
166343
218428
285881
374048
489923
642649
844232
1.11048e+06
1.46227e+06
1.92719e+06
2.54177e+06
3.35447e+06
4.42955e+06
5.85247e+06
7.73698e+06
1.02343e+07
1.35141e+07
1.778e+07
2.36307e+07
3.14119e+07
2.58038e+08
2.36315e+08
2.83005e+07
2.00185e+07
1.39785e+07
9.61996e+06
6.51393e+06
4.33357e+06
2.83119e+06
1.82123e+06
1.16704e+06
768586
284403
31660.9
1112.47
20.2005
0.242904
0.00282406
5.05975e-05
1.96161e-06
1.76199e-07
3.00347e-08
8.44242e-09
3.01318e-09
1.23108e-09
5.14626e-10
2.39795e-10
1.04483e-10
4.7248e-11
1.94949e-11
8.39333e-12
3.88337e-12
1.48959e-12
6.11655e-13
2.62075e-13
1.08773e-13
4.31687e-14
1.74629e-14
-5.07933e-12
7.38909e-13
-2.6217e-07
0
5.77814e-21
5.60807e-12
2.38376e-20
0
-5.16717e-11
0
1.36512e-15
-1.14986e-10
-7.83405e-19
2.89413e-07
4.5649e-10
2.16051e-14
-9.06516e-10
-4.32027e-17
-3.14745e-16
-3.11091e-15
1.98149e-08
2.72333e-07
3.3326e-06
4.73108e-05
0.000584251
0.00614333
0.0536486
0.385565
2.2865
11.3208
47.65
172.885
545.748
1514.78
3715.86
8041.94
15303
26199.2
41566.7
61475.3
86431.9
117534
156743
206942
272100
357475
469978
618673
815493
1.07619e+06
1.4216e+06
1.87935e+06
2.48611e+06
3.29063e+06
4.35774e+06
5.77389e+06
7.65439e+06
1.01535e+07
1.34484e+07
1.7739e+07
2.36323e+07
3.14939e+07
1.99477e+08
2.92844e+08
2.89004e+07
2.04444e+07
1.42788e+07
9.82881e+06
6.65646e+06
4.42851e+06
2.89245e+06
1.85865e+06
1.18719e+06
777177
337080
40474.7
1549.12
29.7297
0.36623
0.00416688
6.98563e-05
2.48101e-06
2.03675e-07
3.35157e-08
9.14795e-09
3.26195e-09
1.39825e-09
5.73116e-10
2.49307e-10
1.0012e-10
4.79796e-11
2.06218e-11
1.38298e-11
8.877e-12
1.54758e-12
6.65047e-13
2.87913e-13
1.21293e-13
4.33079e-14
1.74905e-14
5.62832e-15
9.77832e-16
0
0
2.7583e-07
1.65289e-16
0
-2.89675e-07
2.35577e-11
0
0
0
-2.97434e-07
-2.9724e-07
0
0
-9.36615e-10
-2.97341e-07
1.52665e-09
-2.96828e-15
2.06186e-08
2.56147e-07
3.40595e-06
4.47172e-05
0.000545683
0.00570136
0.0494959
0.353939
2.09077
10.3044
42.9601
153.872
481.799
1332.26
3261.06
7072.84
13575.2
23502.6
37661.7
56269.6
79877.6
109534
147095
195329
258069
340453
449257
593410
784693
1.03869e+06
1.37607e+06
1.82432e+06
2.42001e+06
3.21191e+06
4.2652e+06
5.66703e+06
7.53433e+06
1.00242e+07
1.33215e+07
1.76319e+07
2.35779e+07
3.15358e+07
1.31391e+08
3.58521e+08
2.95948e+07
2.09805e+07
1.46805e+07
1.01215e+07
6.86394e+06
4.57135e+06
2.98735e+06
1.91862e+06
1.22185e+06
793978
388242
53478.2
2267.92
46.4417
0.59038
0.00657559
0.000102496
3.29661e-06
2.47853e-07
3.85383e-08
9.69154e-09
3.13241e-09
1.32719e-09
5.33776e-10
2.4826e-10
1.14135e-10
4.69578e-11
2.16031e-11
8.95424e-12
3.96983e-12
1.81245e-12
6.7017e-13
2.65386e-13
1.09793e-13
4.64068e-14
1.89826e-14
5.98534e-15
-7.38188e-13
3.68573e-13
0
0
0
1.69947e-16
0
-6.99021e-16
0
0
4.10118e-19
-3.04695e-07
0
1.14786e-14
1.64782e-18
1.80165e-10
3.07796e-07
-4.64652e-14
7.08768e-09
1.74835e-08
2.44883e-07
3.0559e-06
4.19911e-05
0.000512415
0.00532239
0.0459144
0.32625
1.91646
9.4035
39.0579
139.242
431.978
1180.34
2872.79
6238.94
12050.5
21055.6
34034.3
51330.1
73527.5
101663
137483
183633
243777
322881
427521
566394
750989
996530
1.32323e+06
1.758e+06
2.33672e+06
3.10738e+06
4.13423e+06
5.50363e+06
7.33198e+06
9.77689e+06
1.3038e+07
1.73292e+07
2.3295e+07
3.13874e+07
5.07781e+07
4.26841e+08
3.08239e+07
2.19055e+07
1.53597e+07
1.0609e+07
7.20603e+06
4.80554e+06
3.14308e+06
2.0182e+06
1.28157e+06
825321
445826
73057.8
3512.82
77.4682
1.02212
0.0111759
0.000161064
4.6335e-06
3.12505e-07
4.44017e-08
1.10056e-08
3.57625e-09
1.44909e-09
6.42511e-10
2.77424e-10
1.28549e-10
4.70833e-11
2.18806e-11
9.49716e-12
4.01035e-12
1.62989e-12
7.73895e-13
2.91372e-13
1.22365e-13
4.35015e-14
1.89933e-14
-5.12196e-12
1.06012e-15
6.94143e-22
2.71846e-07
-5.89628e-21
0
1.44701e-11
-2.67116e-11
0
0
2.08181e-19
0
2.00928e-10
0
0
0
8.11199e-10
1.62773e-09
-2.74293e-16
-3.23767e-07
1.81379e-08
2.32695e-07
3.07059e-06
3.99044e-05
0.000484992
0.00500706
0.0429215
0.302981
1.7679
8.61932
35.6093
126.448
391.046
1064.4
2571.61
5540.43
10714.1
18865
30715.6
46710.2
67465.8
94016
128013
171957
229329
304865
404867
537688
714357
949477
1.26241e+06
1.67886e+06
2.23306e+06
2.97059e+06
3.95233e+06
5.25971e+06
7.00196e+06
9.32604e+06
1.24154e+07
1.64271e+07
2.1939e+07
2.93099e+07
3.9137e+07
4.48047e+08
3.31669e+07
2.35749e+07
1.65309e+07
1.14188e+07
7.75762e+06
5.17491e+06
3.38529e+06
2.17253e+06
1.37543e+06
877139
518159
102274
5733.22
137.755
1.90603
0.0205671
0.000273035
6.93233e-06
4.12484e-07
5.50617e-08
1.2567e-08
4.03315e-09
1.56875e-09
6.53184e-10
2.87341e-10
1.09647e-10
5.97559e-11
2.37746e-11
1.1234e-11
-7.02431e-13
1.03074e-12
7.29381e-13
-5.1093e-12
1.29562e-13
4.96018e-14
1.89907e-14
6.6922e-15
-7.39588e-13
3.69634e-13
2.00557e-17
5.93589e-21
0
0
1.49294e-11
0
5.0091e-11
2.12316e-19
3.17546e-07
-2.52806e-10
4.13403e-10
0
1.74571e-18
8.35982e-10
1.68001e-09
1.69072e-09
-2.62969e-15
1.19071e-08
2.17296e-07
2.76643e-06
3.85219e-05
0.000463262
0.00475554
0.0405083
0.284035
1.64599
7.96975
32.6999
115.384
355.034
963.347
2323.7
5002.02
9655.22
16967.8
27706.9
42451.4
61774.2
86719.9
118861
160553
215087
286939
382099
508503
676634
900331
1.19788e+06
1.59347e+06
2.11911e+06
2.81717e+06
3.74376e+06
4.9731e+06
6.60332e+06
8.76385e+06
1.16331e+07
1.53488e+07
2.02422e+07
2.68712e+07
3.55613e+07
4.54352e+08
3.69033e+07
2.60925e+07
1.82236e+07
1.25537e+07
8.5145e+06
5.67526e+06
3.71151e+06
2.38073e+06
1.50377e+06
951186
595085
144801
9821.96
261.107
3.83219
0.0411214
0.000502322
1.11197e-05
5.77958e-07
6.6715e-08
1.49282e-08
4.91148e-09
1.80551e-09
6.63496e-10
2.91748e-10
1.3241e-10
6.05846e-11
2.40682e-11
1.09851e-11
4.90842e-12
2.06393e-12
1.65313e-12
3.30476e-13
5.57243e-12
4.96562e-14
2.04722e-14
-7.50983e-13
1.22893e-15
0
-2.7411e-07
0
-5.87088e-12
-2.52465e-20
0
0
1.13661e-10
1.03319e-10
1.04414e-10
0
0
0
-8.56962e-10
8.61454e-10
-3.63356e-17
-2.1469e-09
-3.5263e-09
1.94581e-08
3.40191e-08
2.65746e-06
3.73127e-05
0.00044743
0.0045689
0.0386762
0.269343
1.54977
7.44981
30.347
106.327
324.929
876.427
2105.6
4528.76
8767.28
15473
25266.3
38672.5
56515.4
79923.9
110273
149796
201616
269963
360528
480858
640935
853919
1.13718e+06
1.51367e+06
2.01371e+06
2.67745e+06
3.55805e+06
4.72608e+06
6.27531e+06
8.33082e+06
1.1052e+07
1.45967e+07
1.92737e+07
2.56909e+07
3.42546e+07
3.85872e+08
7.62154e+07
2.86381e+07
1.99169e+07
1.3696e+07
9.2891e+06
6.19904e+06
4.06198e+06
2.61081e+06
1.6502e+06
1.03944e+06
669413
202877
17434.7
522.811
8.2517
0.0890229
0.00100289
1.91824e-05
8.45237e-07
8.68751e-08
1.63131e-08
4.98862e-09
1.84704e-09
8.87223e-10
3.44208e-10
1.47878e-10
5.77517e-11
3.20016e-11
1.2327e-11
4.77243e-12
2.08204e-12
1.66876e-12
3.71371e-13
5.63223e-12
6.19527e-14
2.19562e-14
7.38915e-15
1.31235e-15
0
0
0
1.7299e-16
-2.55328e-20
-2.85879e-12
0
1.08778e-19
0
0
-2.15538e-10
3.3751e-07
-9.75887e-10
0
-7.43837e-18
3.4699e-07
-3.50046e-07
-2.49016e-15
3.69803e-07
1.85665e-08
2.60112e-06
3.64475e-05
0.000437788
0.00445
0.0374358
0.258895
1.47864
7.05383
28.5146
99.1534
300.79
805.741
1923.95
4120.57
7975.47
14133.9
23193.5
35666.3
52214.8
73914.2
102552
140066
189450
254716
341297
456421
609676
813706
1.08521e+06
1.44624e+06
1.92598e+06
2.56306e+06
3.40873e+06
4.53117e+06
6.0212e+06
8.00033e+06
1.06317e+07
1.40768e+07
1.86127e+07
2.4844e+07
3.32009e+07
2.90608e+08
1.75643e+08
2.93404e+07
2.06346e+07
1.43283e+07
9.80417e+06
6.59687e+06
4.35631e+06
2.81986e+06
1.79213e+06
1.13014e+06
731050
278426
31255.8
1085.63
18.7422
0.206561
0.00216519
3.56252e-05
1.32306e-06
1.17603e-07
2.11889e-08
5.91623e-09
1.97346e-09
9.02738e-10
3.4992e-10
1.35623e-10
6.33238e-11
3.39939e-11
1.2479e-11
5.43511e-12
3.0637e-12
1.78856e-12
5.99596e-12
4.85524e-12
6.4818e-14
2.49578e-14
-5.18271e-12
1.48521e-15
0
-1.39041e-12
-6.05557e-21
2.97092e-07
0
0
0
1.10824e-19
0
3.18752e-15
0
0
-4.50459e-10
3.53481e-07
-2.67338e-14
3.60295e-07
-4.15645e-09
-2.42648e-15
-3.62016e-07
1.92289e-08
2.58184e-06
3.63181e-05
0.000435094
0.00440271
0.036823
0.252879
1.43315
6.78154
27.1886
93.7708
282.197
750.215
1779.08
3789.91
7317.1
12967
21316.7
32943.7
48530.7
68982.3
95801.2
131447
178878
241666
325054
436045
583926
780971
1.04338e+06
1.39255e+06
1.85677e+06
2.47353e+06
3.29258e+06
4.38007e+06
5.82426e+06
7.74332e+06
1.0296e+07
1.36512e+07
1.807e+07
2.41376e+07
3.22641e+07
1.88852e+08
2.76493e+08
2.96146e+07
2.10225e+07
1.47373e+07
1.01808e+07
6.91565e+06
4.60962e+06
3.01039e+06
1.92754e+06
1.21948e+06
784211
388633
54733.5
2280.87
43.8449
0.501862
0.00494381
6.97874e-05
2.14442e-06
1.60383e-07
2.59102e-08
6.67794e-09
2.23924e-09
9.23471e-10
4.13746e-10
1.81423e-10
7.75669e-11
3.36592e-11
1.36269e-11
5.89317e-12
2.45323e-12
6.84176e-12
-4.37013e-13
1.62178e-13
6.838e-14
5.36782e-12
8.82431e-15
1.47861e-15
-3.71693e-13
0
2.90686e-12
-6.02962e-12
-3.09555e-07
3.18668e-07
-1.10311e-19
1.12798e-19
0
0
-5.04284e-10
0
-4.62692e-10
1.95819e-18
-9.42967e-10
-3.69652e-07
-1.92468e-09
-8.68247e-09
1.36439e-08
4.07964e-07
2.79374e-06
3.69371e-05
0.0004407
0.00444073
0.0369185
0.251652
1.41434
6.63382
26.3589
90.103
268.818
708.776
1668.15
3533.44
6801.45
12027
19767.4
30605.2
45272.4
64820
90727.5
124928
170336
231144
312069
419919
563739
755492
1.01096e+06
1.35094e+06
1.80292e+06
2.40323e+06
3.20001e+06
4.25723e+06
5.66018e+06
7.52319e+06
1.00004e+07
1.3261e+07
1.75574e+07
2.34797e+07
3.14738e+07
8.13233e+07
3.74569e+08
2.98991e+07
2.14094e+07
1.51378e+07
1.05476e+07
7.22704e+06
4.85934e+06
3.20076e+06
2.06508e+06
1.31199e+06
838837
488797
91248.5
4745.15
103.578
1.26055
0.0119355
0.000145933
3.69161e-06
2.33391e-07
3.26154e-08
7.51167e-09
2.64167e-09
1.05889e-09
4.22702e-10
1.85179e-10
7.58352e-11
3.2651e-11
1.46364e-11
5.58056e-12
2.36233e-12
9.67584e-13
4.30487e-13
1.88557e-13
8.7797e-13
2.66421e-14
9.55149e-15
-7.42863e-13
6.9994e-22
1.4013e-12
6.52457e-12
0
0
1.30298e-11
3.29597e-11
-1.22635e-10
3.49576e-07
0
3.62253e-07
0
-1.09761e-10
-3.76213e-07
-9.79403e-10
-2.90455e-17
-4.46242e-09
4.98032e-09
9.14817e-09
2.14104e-07
3.02977e-06
3.7924e-05
0.000451972
0.00455143
0.0376857
0.255193
1.42254
6.61202
26.026
88.1333
260.559
681.113
1590.46
3348.77
6423.86
11329.9
18609.5
28845.3
42783.8
61503.5
86561.9
120059
164575
223729
303029
408814
549931
738070
988607
1.32175e+06
1.76403e+06
2.35036e+06
3.12664e+06
4.15337e+06
5.51049e+06
7.30395e+06
9.67488e+06
1.27849e+07
1.68463e+07
2.23774e+07
2.97426e+07
3.95796e+07
4.15648e+08
3.07157e+07
2.20673e+07
1.56673e+07
1.09686e+07
7.55604e+06
5.11092e+06
3.38808e+06
2.19973e+06
1.40376e+06
895365
565496
139495
9329.82
233.389
3.04534
0.0279372
0.000296734
6.15373e-06
3.22833e-07
4.08113e-08
9.21161e-09
2.84982e-09
1.0988e-09
4.38068e-10
1.91536e-10
9.64361e-11
3.72693e-11
1.85212e-11
5.70145e-12
2.84678e-12
1.09002e-12
4.64584e-13
1.90104e-13
-7.46592e-13
2.80812e-14
9.55274e-15
-5.06775e-12
-1.6712e-13
0
0
0
0
-1.31565e-11
3.3736e-07
3.47042e-07
0
0
6.97843e-15
0
6.06237e-10
2.09455e-18
1.01118e-09
-2.57255e-17
2.06941e-09
-2.31777e-15
1.36924e-08
2.29616e-07
2.94369e-06
3.98976e-05
0.000477818
0.00479321
0.0394034
0.264376
1.45881
6.71099
26.1534
87.7423
257.195
667.177
1548.08
3245.08
6203.79
10921.3
17932.6
27825.3
41361.3
59640.2
84237.4
117266
161487
220553
299133
404085
544101
730680
978911
1.30855e+06
1.74543e+06
2.32328e+06
3.08613e+06
4.09145e+06
5.41426e+06
7.15254e+06
9.43449e+06
1.24122e+07
1.62361e+07
2.1373e+07
2.81074e+07
3.69471e+07
4.19984e+08
3.16952e+07
2.27789e+07
1.61842e+07
1.13448e+07
7.8304e+06
5.31068e+06
3.5324e+06
2.30225e+06
1.47417e+06
940355
612935
186244
16031.4
471.57
6.93234
0.0658613
0.00064065
1.10479e-05
4.76121e-07
5.12505e-08
1.03229e-08
2.97527e-09
1.21608e-09
5.18779e-10
1.98865e-10
8.43626e-11
3.83832e-11
1.53912e-11
5.82357e-12
2.89576e-12
2.10105e-12
4.63718e-13
1.91422e-13
7.83768e-14
-5.3851e-12
9.14519e-15
1.54838e-15
)
;

boundaryField
{
    fuel
    {
        type            calculated;
        value           uniform 0;
    }
    air
    {
        type            calculated;
        value           uniform 0;
    }
    outlet
    {
        type            calculated;
        value           uniform 0;
    }
    frontAndBack
    {
        type            empty;
    }
}


// ************************************************************************* //
